{
    "w": 2160,
    "h": 3840,
    "fl_x": 1680.68932159761,
    "fl_y": 1678.9112987138797,
    "cx": 1087.190235709585,
    "cy": 1916.6324648032712,
    "k1": -0.00254342975460216,
    "k2": 0.0013416987341250814,
    "p1": 0.0007179123103805822,
    "p2": -3.830773812963551e-05,
    "camera_model": "OPENCV",
    "frames": [
        {
            "file_path": "images/frame_00050.jpg",
            "transform_matrix": [
                [
                    0.2896446977385181,
                    -0.8571229951859851,
                    -0.425964928363085,
                    -0.3200972361784111
                ],
                [
                    -0.527944961403678,
                    0.2281455705743735,
                    -0.818060949047051,
                    -3.520467473404193
                ],
                [
                    0.7983608625179662,
                    0.461833053982388,
                    -0.38643261178227356,
                    -1.5063458574345403
                ],
                [
                    0.0,
                    0.0,
                    0.0,
                    1.0
                ]
            ],
            "colmap_im_id": 50
        },
        {
            "file_path": "images/frame_00049.jpg",
            "transform_matrix": [
                [
                    0.28168489969897836,
                    -0.8504067740936129,
                    -0.44436689329569934,
                    -0.40300892481866646
                ],
                [
                    -0.591036099995876,
                    0.2110457496802294,
                    -0.7785473781624179,
                    -3.1577165364744877
                ],
                [
                    0.7558637084708073,
                    0.48194191570935685,
                    -0.44317270233979184,
                    -1.7088568690277324
                ],
                [
                    0.0,
                    0.0,
                    0.0,
                    1.0
                ]
            ],
            "colmap_im_id": 49
        },
        {
            "file_path": "images/frame_00048.jpg",
            "transform_matrix": [
                [
                    0.26971049123976903,
                    -0.8416091231207896,
                    -0.4679212912393045,
                    -0.42305661820766954
                ],
                [
                    -0.6620496312629177,
                    0.19079238737333015,
                    -0.7247679288330987,
                    -2.911071197979495
                ],
                [
                    0.6992471213096534,
                    0.5052646324454549,
                    -0.505728301106357,
                    -1.9401073959372672
                ],
                [
                    0.0,
                    0.0,
                    0.0,
                    1.0
                ]
            ],
            "colmap_im_id": 48
        },
        {
            "file_path": "images/frame_00047.jpg",
            "transform_matrix": [
                [
                    0.26501474441225786,
                    -0.8383380433402601,
                    -0.47639952805657765,
                    -0.4301150974338573
                ],
                [
                    -0.6866165328972854,
                    0.18281363296011813,
                    -0.7036596566210351,
                    -2.8317709398633624
                ],
                [
                    0.6769969881736665,
                    0.5135839762807515,
                    -0.5271684525001814,
                    -2.053199195312203
                ],
                [
                    0.0,
                    0.0,
                    0.0,
                    1.0
                ]
            ],
            "colmap_im_id": 47
        },
        {
            "file_path": "images/frame_00046.jpg",
            "transform_matrix": [
                [
                    0.2233292720196725,
                    -0.8172904610175349,
                    -0.5311876679563527,
                    -0.6393341926837907
                ],
                [
                    -0.8378474244566799,
                    0.11753591689879407,
                    -0.5331013051663513,
                    -2.025128811955264
                ],
                [
                    0.49813224106703885,
                    0.5641113458959188,
                    -0.6585154970393817,
                    -2.591127951324279
                ],
                [
                    0.0,
                    0.0,
                    0.0,
                    1.0
                ]
            ],
            "colmap_im_id": 46
        },
        {
            "file_path": "images/frame_00045.jpg",
            "transform_matrix": [
                [
                    0.11146074168895954,
                    -0.8071421842178916,
                    -0.5797395945751144,
                    -0.8302023985079229
                ],
                [
                    -0.981241617443156,
                    0.002949102487974103,
                    -0.19275941220094686,
                    -0.6266918386732462
                ],
                [
                    0.1572939644731677,
                    0.59034972452817,
                    -0.7916727931979394,
                    -3.061949090710232
                ],
                [
                    0.0,
                    0.0,
                    0.0,
                    1.0
                ]
            ],
            "colmap_im_id": 45
        },
        {
            "file_path": "images/frame_00044.jpg",
            "transform_matrix": [
                [
                    0.08777945676245438,
                    -0.8091667113127059,
                    -0.580985370103128,
                    -0.805827158267499
                ],
                [
                    -0.9926963319197747,
                    -0.022602866736047875,
                    -0.1185035991366369,
                    -0.2948064656554717
                ],
                [
                    0.08275723269607722,
                    0.5871442273570376,
                    -0.8052408935950747,
                    -3.005726496390625
                ],
                [
                    0.0,
                    0.0,
                    0.0,
                    1.0
                ]
            ],
            "colmap_im_id": 44
        },
        {
            "file_path": "images/frame_00043.jpg",
            "transform_matrix": [
                [
                    0.06436092378829698,
                    -0.8125813095504095,
                    -0.5792834253268931,
                    -0.7931562972599208
                ],
                [
                    -0.9978997149990733,
                    -0.04813789282693833,
                    -0.043346304097926176,
                    0.06854659477480637
                ],
                [
                    0.0073369131032554194,
                    0.5808565732119448,
                    -0.8139728564654911,
                    -2.905285532559149
                ],
                [
                    0.0,
                    0.0,
                    0.0,
                    1.0
                ]
            ],
            "colmap_im_id": 43
        },
        {
            "file_path": "images/frame_00042.jpg",
            "transform_matrix": [
                [
                    0.050387123233319384,
                    -0.8153206999740661,
                    -0.5768130494415581,
                    -0.8049476820919791
                ],
                [
                    -0.9981578891660452,
                    -0.06065221226766556,
                    -0.0014619995291146467,
                    0.20551506478003412
                ],
                [
                    -0.03379298903404934,
                    0.5758241618244557,
                    -0.8168748793734005,
                    -2.8965757273106503
                ],
                [
                    0.0,
                    0.0,
                    0.0,
                    1.0
                ]
            ],
            "colmap_im_id": 42
        },
        {
            "file_path": "images/frame_00041.jpg",
            "transform_matrix": [
                [
                    0.03887261624072596,
                    -0.8173364721127182,
                    -0.5748478155659437,
                    -0.8209766325756819
                ],
                [
                    -0.9966804554944731,
                    -0.07289735834052319,
                    0.03624975561713829,
                    0.3264535325249331
                ],
                [
                    -0.07153313457363758,
                    0.5715304598193428,
                    -0.8174569983532831,
                    -2.9038384481621047
                ],
                [
                    0.0,
                    0.0,
                    0.0,
                    1.0
                ]
            ],
            "colmap_im_id": 41
        },
        {
            "file_path": "images/frame_00040.jpg",
            "transform_matrix": [
                [
                    0.017671910234367188,
                    -0.8200553680552042,
                    -0.5720112734138305,
                    -0.8641940103989301
                ],
                [
                    -0.9894035702250021,
                    -0.09680232201081895,
                    0.10821222518427594,
                    0.5399362589462803
                ],
                [
                    -0.14411203563438826,
                    0.5640376793948761,
                    -0.8130763908810507,
                    -2.9859750808258676
                ],
                [
                    0.0,
                    0.0,
                    0.0,
                    1.0
                ]
            ],
            "colmap_im_id": 40
        },
        {
            "file_path": "images/frame_00039.jpg",
            "transform_matrix": [
                [
                    -0.0343665604870279,
                    -0.8289916960537934,
                    -0.5582040015927386,
                    -0.9244566212636877
                ],
                [
                    -0.9527003218784408,
                    -0.14158155620589752,
                    0.26891775626579717,
                    1.017510181396338
                ],
                [
                    -0.3019619780916232,
                    0.5410429103279805,
                    -0.7849149845498059,
                    -3.0830130668365294
                ],
                [
                    0.0,
                    0.0,
                    0.0,
                    1.0
                ]
            ],
            "colmap_im_id": 39
        },
        {
            "file_path": "images/frame_00038.jpg",
            "transform_matrix": [
                [
                    -0.09619218955577419,
                    -0.8375200736658386,
                    -0.5378728370862714,
                    -0.7814393470990506
                ],
                [
                    -0.8574753468762667,
                    -0.20468285490397364,
                    0.4720603334403182,
                    1.8491798304597191
                ],
                [
                    -0.5054533531077735,
                    0.5066212146319256,
                    -0.6984639237047111,
                    -2.714557562852504
                ],
                [
                    0.0,
                    0.0,
                    0.0,
                    1.0
                ]
            ],
            "colmap_im_id": 38
        },
        {
            "file_path": "images/frame_00037.jpg",
            "transform_matrix": [
                [
                    -0.13598422689482603,
                    -0.8427584458410212,
                    -0.5208324989854636,
                    -0.7693459847339836
                ],
                [
                    -0.7704064908434883,
                    -0.24057589456955722,
                    0.5904211021112638,
                    2.485570970629149
                ],
                [
                    -0.6228821147713575,
                    0.481540694973627,
                    -0.6165520498565209,
                    -2.5205606003861836
                ],
                [
                    0.0,
                    0.0,
                    0.0,
                    1.0
                ]
            ],
            "colmap_im_id": 37
        },
        {
            "file_path": "images/frame_00036.jpg",
            "transform_matrix": [
                [
                    -0.15369710969499487,
                    -0.8448613413027157,
                    -0.5124319588429089,
                    -0.6943642463087755
                ],
                [
                    -0.7232547121933324,
                    -0.25715843410850125,
                    0.6409150966056294,
                    2.6964752391461606
                ],
                [
                    -0.6732605883025861,
                    0.4691256268197674,
                    -0.5715254381910013,
                    -2.314984613441315
                ],
                [
                    0.0,
                    0.0,
                    0.0,
                    1.0
                ]
            ],
            "colmap_im_id": 36
        },
        {
            "file_path": "images/frame_00035.jpg",
            "transform_matrix": [
                [
                    -0.1607946341645634,
                    -0.8469112880167434,
                    -0.5068395760531187,
                    -0.6449074333129122
                ],
                [
                    -0.6998485517753099,
                    -0.2642669649790815,
                    0.663607546520341,
                    2.8073111613796966
                ],
                [
                    -0.6959576784560151,
                    0.46141547595476884,
                    -0.5502169284450892,
                    -2.1620174017055915
                ],
                [
                    0.0,
                    0.0,
                    0.0,
                    1.0
                ]
            ],
            "colmap_im_id": 35
        },
        {
            "file_path": "images/frame_00034.jpg",
            "transform_matrix": [
                [
                    -0.17559058834867214,
                    -0.851741957708316,
                    -0.4936634306514638,
                    -0.5619432572940726
                ],
                [
                    -0.6492399576075002,
                    -0.27676367134071506,
                    0.7084414920597328,
                    3.0132571825861865
                ],
                [
                    -0.7400374468425086,
                    0.444901683189909,
                    -0.5043878166308216,
                    -1.8742757085790591
                ],
                [
                    0.0,
                    0.0,
                    0.0,
                    1.0
                ]
            ],
            "colmap_im_id": 34
        },
        {
            "file_path": "images/frame_00033.jpg",
            "transform_matrix": [
                [
                    -0.23962127916396544,
                    -0.8876874265249594,
                    -0.3931827505897476,
                    -0.23069105243546573
                ],
                [
                    -0.28991572719845876,
                    -0.3210792510496721,
                    0.9015858171402045,
                    3.8715019719062567
                ],
                [
                    -0.926569216893597,
                    0.33002900983834177,
                    -0.18041712493638162,
                    -0.7734782631029966
                ],
                [
                    0.0,
                    0.0,
                    0.0,
                    1.0
                ]
            ],
            "colmap_im_id": 33
        },
        {
            "file_path": "images/frame_00032.jpg",
            "transform_matrix": [
                [
                    -0.2419075742218243,
                    -0.8914272569707832,
                    -0.38319469080828594,
                    -0.15293813115006588
                ],
                [
                    -0.2556343383772943,
                    -0.3224195627696196,
                    0.9114256473162531,
                    3.861466025698987
                ],
                [
                    -0.9360191293859949,
                    0.31843848868029867,
                    -0.14988368273595268,
                    -0.5790082889145216
                ],
                [
                    0.0,
                    0.0,
                    0.0,
                    1.0
                ]
            ],
            "colmap_im_id": 32
        },
        {
            "file_path": "images/frame_00031.jpg",
            "transform_matrix": [
                [
                    -0.26038072567654685,
                    -0.9116491674196904,
                    -0.3179586030274068,
                    0.11745619503928632
                ],
                [
                    -0.036864936790155324,
                    -0.3196906692776405,
                    0.9468045481577877,
                    4.087492499188749
                ],
                [
                    -0.9648019766416388,
                    0.2582511791256711,
                    0.04963339952680834,
                    0.28778699414373105
                ],
                [
                    0.0,
                    0.0,
                    0.0,
                    1.0
                ]
            ],
            "colmap_im_id": 31
        },
        {
            "file_path": "images/frame_00030.jpg",
            "transform_matrix": [
                [
                    -0.26426170956537376,
                    -0.9190151703434192,
                    -0.29253523811028675,
                    0.16322117284354418
                ],
                [
                    0.03918931035589091,
                    -0.3132994607613801,
                    0.9488454277913017,
                    4.268722442120683
                ],
                [
                    -0.9636544748048522,
                    0.23927926062507926,
                    0.11880862183907222,
                    0.5635413759609986
                ],
                [
                    0.0,
                    0.0,
                    0.0,
                    1.0
                ]
            ],
            "colmap_im_id": 30
        },
        {
            "file_path": "images/frame_00013.jpg",
            "transform_matrix": [
                [
                    0.2754624608311829,
                    -0.9586881027993425,
                    -0.07097572982242917,
                    0.7667855847129662
                ],
                [
                    0.5012656198415671,
                    0.20624501154610836,
                    -0.8403545523034874,
                    -2.7976783720121454
                ],
                [
                    0.8202763016433416,
                    0.1959084397450582,
                    0.5373701444990953,
                    2.2874385930095853
                ],
                [
                    0.0,
                    0.0,
                    0.0,
                    1.0
                ]
            ],
            "colmap_im_id": 13
        },
        {
            "file_path": "images/frame_00012.jpg",
            "transform_matrix": [
                [
                    0.2822392388740402,
                    -0.9560858903920196,
                    -0.07899862171646695,
                    0.7253245587002655
                ],
                [
                    0.4671025132826429,
                    0.20888123276560278,
                    -0.8591762756753474,
                    -2.8659446753095845
                ],
                [
                    0.837947644023683,
                    0.20559280335561606,
                    0.5055446024670208,
                    2.157555702580898
                ],
                [
                    0.0,
                    0.0,
                    0.0,
                    1.0
                ]
            ],
            "colmap_im_id": 12
        },
        {
            "file_path": "images/frame_00011.jpg",
            "transform_matrix": [
                [
                    0.2946741656778796,
                    -0.9510489231040866,
                    -0.09312938282090516,
                    0.6270743348333848
                ],
                [
                    0.399913516532545,
                    0.21124480912534827,
                    -0.8918771271381326,
                    -2.9777546869298175
                ],
                [
                    0.8678918800038511,
                    0.22556944935019965,
                    0.4425857071158402,
                    1.794510562999943
                ],
                [
                    0.0,
                    0.0,
                    0.0,
                    1.0
                ]
            ],
            "colmap_im_id": 11
        },
        {
            "file_path": "images/frame_00010.jpg",
            "transform_matrix": [
                [
                    0.3220020019314845,
                    -0.9330938626027311,
                    -0.16015790434827756,
                    0.34617883873621363
                ],
                [
                    0.11710238621353766,
                    0.20712337011363913,
                    -0.971281082228962,
                    -3.434262271715442
                ],
                [
                    0.939468861588936,
                    0.2939995801457618,
                    0.17596165769537433,
                    0.8524918534728896
                ],
                [
                    0.0,
                    0.0,
                    0.0,
                    1.0
                ]
            ],
            "colmap_im_id": 10
        },
        {
            "file_path": "images/frame_00009.jpg",
            "transform_matrix": [
                [
                    0.32924006252213306,
                    -0.9177047513794626,
                    -0.2223037798283707,
                    0.01574586447110866
                ],
                [
                    -0.11847105802143325,
                    0.19342208816563228,
                    -0.973936601746196,
                    -3.3834153437314494
                ],
                [
                    0.9367847082663677,
                    0.34699551164994225,
                    -0.045039152446406966,
                    -0.12218220926377638
                ],
                [
                    0.0,
                    0.0,
                    0.0,
                    1.0
                ]
            ],
            "colmap_im_id": 9
        },
        {
            "file_path": "images/frame_00008.jpg",
            "transform_matrix": [
                [
                    0.32655795542076604,
                    -0.9130692928359238,
                    -0.24426290801412118,
                    -0.08774078246272865
                ],
                [
                    -0.1939084706833903,
                    0.18821444572480808,
                    -0.9627953195865318,
                    -3.3226027846375805
                ],
                [
                    0.9250726494436194,
                    0.36177311799055684,
                    -0.11558894562523253,
                    -0.44330590093990574
                ],
                [
                    0.0,
                    0.0,
                    0.0,
                    1.0
                ]
            ],
            "colmap_im_id": 8
        },
        {
            "file_path": "images/frame_00007.jpg",
            "transform_matrix": [
                [
                    0.31577673205753215,
                    -0.9089710275526854,
                    -0.2721336556930814,
                    -0.1900329028548807
                ],
                [
                    -0.30209824366792865,
                    0.17556718040284033,
                    -0.9369700189110368,
                    -3.33463926953897
                ],
                [
                    0.8994563394983759,
                    0.3780844300354242,
                    -0.2191585204845344,
                    -0.8984138509548264
                ],
                [
                    0.0,
                    0.0,
                    0.0,
                    1.0
                ]
            ],
            "colmap_im_id": 7
        },
        {
            "file_path": "images/frame_00006.jpg",
            "transform_matrix": [
                [
                    0.30769395360109164,
                    -0.9066412918952594,
                    -0.2886624304405131,
                    -0.2835025791878554
                ],
                [
                    -0.3647780370116088,
                    0.16779678147802554,
                    -0.915850000731328,
                    -3.3658922943266387
                ],
                [
                    0.8787840546068681,
                    0.3870992223656753,
                    -0.27909277563670964,
                    -1.1308578446914872
                ],
                [
                    0.0,
                    0.0,
                    0.0,
                    1.0
                ]
            ],
            "colmap_im_id": 6
        },
        {
            "file_path": "images/frame_00005.jpg",
            "transform_matrix": [
                [
                    0.29800122627739445,
                    -0.9049885814541663,
                    -0.3036296042462676,
                    -0.3438835238767087
                ],
                [
                    -0.42189451069042366,
                    0.16045902968257456,
                    -0.8923328536160787,
                    -3.280808490861459
                ],
                [
                    0.8562711550592237,
                    0.39401594793980427,
                    -0.33399272714033806,
                    -1.3410340867800967
                ],
                [
                    0.0,
                    0.0,
                    0.0,
                    1.0
                ]
            ],
            "colmap_im_id": 5
        },
        {
            "file_path": "images/frame_00004.jpg",
            "transform_matrix": [
                [
                    0.2840062918919725,
                    -0.9012373779775659,
                    -0.32727910825760603,
                    -0.4538097338422082
                ],
                [
                    -0.4942965781217216,
                    0.1548618596862009,
                    -0.8553880390043388,
                    -3.0035538418646444
                ],
                [
                    0.8215907247668562,
                    0.4047085283888313,
                    -0.4014968094847306,
                    -1.674556346087875
                ],
                [
                    0.0,
                    0.0,
                    0.0,
                    1.0
                ]
            ],
            "colmap_im_id": 4
        },
        {
            "file_path": "images/frame_00003.jpg",
            "transform_matrix": [
                [
                    0.27995980885876276,
                    -0.8998994881282977,
                    -0.3343701791281524,
                    -0.4843726913503049
                ],
                [
                    -0.5137082244577046,
                    0.15380905437268785,
                    -0.8440655394680506,
                    -2.922529490913893
                ],
                [
                    0.8110033079761615,
                    0.40807313812527196,
                    -0.4192254147738603,
                    -1.7719201044694726
                ],
                [
                    0.0,
                    0.0,
                    0.0,
                    1.0
                ]
            ],
            "colmap_im_id": 3
        },
        {
            "file_path": "images/frame_00002.jpg",
            "transform_matrix": [
                [
                    0.27213954582615824,
                    -0.8976548946784993,
                    -0.3466349054224986,
                    -0.519571707388991
                ],
                [
                    -0.5457520382475213,
                    0.1527056122881645,
                    -0.8239148674009787,
                    -2.825795078314749
                ],
                [
                    0.7925243089938679,
                    0.4133965239759872,
                    -0.4483397524404486,
                    -1.8790717771970193
                ],
                [
                    0.0,
                    0.0,
                    0.0,
                    1.0
                ]
            ],
            "colmap_im_id": 2
        },
        {
            "file_path": "images/frame_00001.jpg",
            "transform_matrix": [
                [
                    0.2640620273391155,
                    -0.8947541073045825,
                    -0.3601198872308165,
                    -0.5374964862822439
                ],
                [
                    -0.5747073669770459,
                    0.15388758555350263,
                    -0.803759947593076,
                    -2.7830841172249072
                ],
                [
                    0.7745854943515706,
                    0.41920603344190216,
                    -0.4735859092773343,
                    -1.876007214682433
                ],
                [
                    0.0,
                    0.0,
                    0.0,
                    1.0
                ]
            ],
            "colmap_im_id": 1
        },
        {
            "file_path": "images/frame_00014.jpg",
            "transform_matrix": [
                [
                    0.2518856607160512,
                    -0.9666653632708465,
                    -0.04595312152705577,
                    0.8943944697632992
                ],
                [
                    0.6067911749590937,
                    0.19474689118952102,
                    -0.770634880059149,
                    -2.4553135720520936
                ],
                [
                    0.7538952738394112,
                    0.16622792733009345,
                    0.6356179609310457,
                    2.501021722787532
                ],
                [
                    0.0,
                    0.0,
                    0.0,
                    1.0
                ]
            ],
            "colmap_im_id": 14
        },
        {
            "file_path": "images/frame_00015.jpg",
            "transform_matrix": [
                [
                    0.1640775795224096,
                    -0.9863703411464118,
                    0.01233280198408797,
                    1.0706297346992095
                ],
                [
                    0.8517460937590734,
                    0.13535478744810606,
                    -0.5061696092033161,
                    -1.1946313362148782
                ],
                [
                    0.497601386316625,
                    0.09355550022093519,
                    0.8623457709725163,
                    3.2733007139156376
                ],
                [
                    0.0,
                    0.0,
                    0.0,
                    1.0
                ]
            ],
            "colmap_im_id": 15
        },
        {
            "file_path": "images/frame_00016.jpg",
            "transform_matrix": [
                [
                    0.014503351114721785,
                    -0.9998097308717817,
                    0.013044342089135236,
                    1.1357247382853164
                ],
                [
                    0.9998097935145096,
                    0.014330755684231183,
                    -0.013228992175980721,
                    0.5512784095022785
                ],
                [
                    0.013039539827631261,
                    0.013233725689093088,
                    0.9998274045581413,
                    3.4558270613429265
                ],
                [
                    0.0,
                    0.0,
                    0.0,
                    1.0
                ]
            ],
            "colmap_im_id": 16
        },
        {
            "file_path": "images/frame_00017.jpg",
            "transform_matrix": [
                [
                    0.004127273495472323,
                    -0.9999549413613128,
                    0.008548734443572473,
                    1.1476850383294561
                ],
                [
                    0.9995737511704135,
                    0.004372471854991804,
                    0.02886515998544769,
                    0.7078158109370902
                ],
                [
                    -0.028901238461383583,
                    0.008425956145770947,
                    0.9995467581251153,
                    3.513472720080285
                ],
                [
                    0.0,
                    0.0,
                    0.0,
                    1.0
                ]
            ],
            "colmap_im_id": 17
        },
        {
            "file_path": "images/frame_00018.jpg",
            "transform_matrix": [
                [
                    -0.005727920543676199,
                    -0.9999791598588067,
                    0.002978384515256308,
                    1.1570990402313766
                ],
                [
                    0.9974033576388923,
                    -0.005499291797035326,
                    0.07180738096041815,
                    0.8419732183051062
                ],
                [
                    -0.07178950547892705,
                    0.003381957688447089,
                    0.9974140711185524,
                    3.548642002867319
                ],
                [
                    0.0,
                    0.0,
                    0.0,
                    1.0
                ]
            ],
            "colmap_im_id": 18
        },
        {
            "file_path": "images/frame_00019.jpg",
            "transform_matrix": [
                [
                    -0.015546106427990475,
                    -0.9998780537776676,
                    -0.0014819408603604866,
                    1.1624129492917699
                ],
                [
                    0.993156603981302,
                    -0.015613144894522632,
                    0.11574190975973109,
                    0.9466090029027583
                ],
                [
                    -0.11575093322844825,
                    0.0003275366951268988,
                    0.9932782158974679,
                    3.557730686575681
                ],
                [
                    0.0,
                    0.0,
                    0.0,
                    1.0
                ]
            ],
            "colmap_im_id": 19
        },
        {
            "file_path": "images/frame_00020.jpg",
            "transform_matrix": [
                [
                    -0.04579847764130415,
                    -0.9988698675788205,
                    -0.012707757032953864,
                    1.1554485061341633
                ],
                [
                    0.9674222893210329,
                    -0.04752018910223891,
                    0.24866834489443781,
                    1.3299790438634782
                ],
                [
                    -0.24899119175302284,
                    -0.0009051357672076646,
                    0.968505326345009,
                    3.434978589260566
                ],
                [
                    0.0,
                    0.0,
                    0.0,
                    1.0
                ]
            ],
            "colmap_im_id": 20
        },
        {
            "file_path": "images/frame_00021.jpg",
            "transform_matrix": [
                [
                    -0.0662423089973124,
                    -0.9976206205022211,
                    -0.019106387609076254,
                    1.098293472932421
                ],
                [
                    0.9433118592088608,
                    -0.06885458647292858,
                    0.3246872067044904,
                    1.6214420042338318
                ],
                [
                    -0.32523021503948096,
                    0.0034847482557102344,
                    0.9456284491040693,
                    3.3924933721648074
                ],
                [
                    0.0,
                    0.0,
                    0.0,
                    1.0
                ]
            ],
            "colmap_im_id": 21
        },
        {
            "file_path": "images/frame_00022.jpg",
            "transform_matrix": [
                [
                    -0.07657524050276278,
                    -0.9968164698899318,
                    -0.022207158713325847,
                    1.0805852078883738
                ],
                [
                    0.9282541422926117,
                    -0.07940353095223324,
                    0.3633721598979831,
                    1.7702873848009384
                ],
                [
                    -0.363978680500042,
                    0.007211423472002247,
                    0.9313793617602636,
                    3.3830261923344755
                ],
                [
                    0.0,
                    0.0,
                    0.0,
                    1.0
                ]
            ],
            "colmap_im_id": 22
        },
        {
            "file_path": "images/frame_00023.jpg",
            "transform_matrix": [
                [
                    -0.17834230336414122,
                    -0.9800697471001816,
                    -0.08750607778753881,
                    0.9295124216403204
                ],
                [
                    0.6780980743741843,
                    -0.18685889131091793,
                    0.7108211844536417,
                    3.214778757707327
                ],
                [
                    -0.7130056271592786,
                    0.06743178447172186,
                    0.6979082533414857,
                    3.0817062474956196
                ],
                [
                    0.0,
                    0.0,
                    0.0,
                    1.0
                ]
            ],
            "colmap_im_id": 23
        },
        {
            "file_path": "images/frame_00024.jpg",
            "transform_matrix": [
                [
                    -0.20031064885966066,
                    -0.9716301775114811,
                    -0.12573958049249917,
                    0.8000973240322277
                ],
                [
                    0.5532456957407451,
                    -0.21809805969741647,
                    0.8039604694887437,
                    3.755299713558289
                ],
                [
                    -0.8085758122141428,
                    0.09147696160908549,
                    0.5812375774130655,
                    2.7279972085890005
                ],
                [
                    0.0,
