{
    "camera_model": "OPENCV",
    "orientation_override": "none",
    "frames": [
        {
            "fl_x": 716.6144,
            "fl_y": 716.6144,
            "cx": 500.3153,
            "cy": 368.9933,
            "w": 994,
            "h": 738,
            "file_path": "./images/frame_00001.jpg",
            "transform_matrix": [
                [
                    0.26655892,
                    0.023362642,
                    0.9635353,
                    0.005785441
                ],
                [
                    -0.025358818,
                    0.99952996,
                    -0.017219983,
                    0.0006827116
                ],
                [
                    -0.9634849,
                    -0.019843979,
                    0.26702607,
                    0.0012523952
                ],
                [
                    0.0,
                    0.0,
                    0.0,
                    1.0
                ]
            ]
        },
        {
            "fl_x": 716.6239,
            "fl_y": 716.6239,
            "cx": 500.3492,
            "cy": 368.98737,
            "w": 994,
            "h": 738,
            "file_path": "./images/frame_00002.jpg",
            "transform_matrix": [
                [
                    0.25191763,
                    0.042147223,
                    0.96683025,
                    0.016754614
                ],
                [
                    -0.03597604,
                    0.9987683,
                    -0.03416559,
                    0.004454674
                ],
                [
                    -0.9670797,
                    -0.026175816,
                    0.25312364,
                    0.016629664
                ],
                [
                    0.0,
                    0.0,
                    0.0,
                    1.0
                ]
            ]
        },
        {
            "fl_x": 717.2067,
            "fl_y": 717.2067,
            "cx": 500.19939999999997,
            "cy": 369.0458,
            "w": 994,
            "h": 738,
            "file_path": "./images/frame_00003.jpg",
            "transform_matrix": [
                [
                    0.40325952,
                    -0.10213648,
                    0.90936774,
                    -0.29394862
                ],
                [
                    0.047067963,
                    0.9947512,
                    0.09085406,
                    0.12208849
                ],
                [
                    -0.9138743,
                    0.0061643147,
                    0.4059503,
                    -0.095597036
                ],
                [
                    0.0,
                    0.0,
                    0.0,
                    1.0
                ]
            ]
        },
        {
            "fl_x": 717.3402,
            "fl_y": 717.3402,
            "cx": 500.20685000000003,
            "cy": 369.1211,
            "w": 994,
            "h": 738,
            "file_path": "./images/frame_00004.jpg",
            "transform_matrix": [
                [
                    0.4272197,
                    -0.10989578,
                    0.8974441,
                    -0.29928476
                ],
                [
                    0.059291642,
                    0.99385434,
                    0.093476355,
                    0.13431397
                ],
                [
                    -0.9022016,
                    0.013275994,
                    0.4311101,
                    -0.10026578
                ],
                [
                    0.0,
                    0.0,
                    0.0,
                    1.0
                ]
            ]
        },
        {
            "fl_x": 717.2084,
            "fl_y": 717.2084,
            "cx": 500.17444,
            "cy": 369.1741,
            "w": 994,
            "h": 738,
            "file_path": "./images/frame_00005.jpg",
            "transform_matrix": [
                [
                    0.4387916,
                    -0.14104666,
                    0.8874499,
                    -0.30279884
                ],
                [
                    0.08743706,
                    0.9896194,
                    0.11405247,
                    0.15075454
                ],
                [
                    -0.8943246,
                    0.027550766,
                    0.44656944,
                    -0.1041856
                ],
                [
                    0.0,
                    0.0,
                    0.0,
                    1.0
                ]
            ]
        },
        {
            "fl_x": 717.50854,
            "fl_y": 717.50854,
            "cx": 500.08655,
            "cy": 368.87866,
            "w": 994,
            "h": 738,
            "file_path": "./images/frame_00006.jpg",
            "transform_matrix": [
                [
                    0.5214146,
                    -0.27471244,
                    0.8078735,
                    -0.31119373
                ],
                [
                    0.11094751,
                    0.96054906,
                    0.25502145,
                    0.34374425
                ],
                [
                    -0.8460599,
                    -0.043340374,
                    0.5313231,
                    -0.12933694
                ],
                [
                    0.0,
                    0.0,
                    0.0,
                    1.0
                ]
            ]
        },
        {
            "fl_x": 719.2254,
            "fl_y": 719.2254,
            "cx": 500.29859999999996,
            "cy": 369.53732,
            "w": 994,
            "h": 738,
            "file_path": "./images/frame_00007.jpg",
            "transform_matrix": [
                [
                    0.115352154,
                    -0.47785524,
                    0.8708317,
                    -0.46250156
                ],
                [
                    0.21959594,
                    0.86726034,
                    0.44680732,
                    0.5728766
                ],
                [
                    -0.9687473,
                    0.13969095,
                    0.20497547,
                    -0.0016110463
                ],
                [
                    0.0,
                    0.0,
                    0.0,
                    1.0
                ]
            ]
        },
        {
            "fl_x": 719.2603,
            "fl_y": 719.2603,
            "cx": 500.3356,
            "cy": 369.53693,
            "w": 994,
            "h": 738,
            "file_path": "./images/frame_00008.jpg",
            "transform_matrix": [
                [
                    0.11911284,
                    -0.5311256,
                    0.83887863,
                    -0.47088662
                ],
                [
                    0.21877454,
                    0.83816797,
                    0.49961174,
                    0.6107507
                ],
                [
                    -0.9684781,
                    0.12401515,
                    0.21603337,
                    0.012882628
                ],
                [
                    0.0,
                    0.0,
                    0.0,
                    1.0
                ]
            ]
        },
        {
            "fl_x": 719.2381,
            "fl_y": 719.2381,
            "cx": 500.3233,
            "cy": 369.50314,
            "w": 994,
            "h": 738,
            "file_path": "./images/frame_00009.jpg",
            "transform_matrix": [
                [
                    0.12504944,
                    -0.5598867,
                    0.8190784,
                    -0.4740466
                ],
                [
                    0.22568356,
                    0.81996876,
                    0.5260399,
                    0.6283001
                ],
                [
                    -0.96614164,
                    0.11907155,
                    0.22889386,
                    0.020223334
                ],
                [
                    0.0,
                    0.0,
                    0.0,
                    1.0
                ]
            ]
        },
        {
            "fl_x": 718.1057,
            "fl_y": 718.1057,
            "cx": 500.35645,
            "cy": 369.46216,
            "w": 994,
            "h": 738,
            "file_path": "./images/frame_00010.jpg",
            "transform_matrix": [
                [
                    0.095900595,
                    -0.67714024,
                    0.729578,
                    -0.5102966
                ],
                [
                    0.28267446,
                    0.7213066,
                    0.63230664,
                    0.71832895
                ],
                [
                    -0.95440984,
                    0.14559452,
                    0.26058403,
                    0.13724032
                ],
                [
                    0.0,
                    0.0,
                    0.0,
                    1.0
                ]
            ]
        },
        {
            "fl_x": 717.7897,
            "fl_y": 717.7897,
            "cx": 500.20196999999996,
            "cy": 369.78372,
            "w": 994,
            "h": 738,
            "file_path": "./images/frame_00011.jpg",
            "transform_matrix": [
                [
                    0.082653604,
                    -0.72247005,
                    0.6864438,
                    -0.5817307
                ],
                [
                    0.40814033,
                    0.65292656,
                    0.6380502,
                    0.68968004
                ],
                [
                    -0.90916973,
                    0.22742833,
                    0.34883597,
                    0.3287577
                ],
                [
                    0.0,
                    0.0,
                    0.0,
                    1.0
                ]
            ]
        },
        {
            "fl_x": 719.23175,
            "fl_y": 719.23175,
            "cx": 499.87103,
            "cy": 369.86594,
            "w": 994,
            "h": 738,
            "file_path": "./images/frame_00012.jpg",
            "transform_matrix": [
                [
                    0.006463734,
                    -0.8293677,
                    0.55866545,
                    -0.7200641
                ],
                [
                    0.4174019,
                    0.5099177,
                    0.75216967,
                    0.6827671
                ],
                [
                    -0.9086989,
                    0.22832629,
                    0.3494757,
                    0.39468223
                ],
                [
                    0.0,
                    0.0,
                    0.0,
                    1.0
                ]
            ]
        },
        {
            "fl_x": 719.1841,
            "fl_y": 719.1841,
            "cx": 499.87537,
            "cy": 369.7919,
            "w": 994,
            "h": 738,
            "file_path": "./images/frame_00013.jpg",
            "transform_matrix": [
                [
                    -0.037817325,
                    -0.85569876,
                    0.5160905,
                    -0.71728504
                ],
                [
                    0.40619078,
                    0.45870504,
                    0.7903155,
                    0.73164624
                ],
                [
                    -0.9130055,
                    0.23951885,
                    0.33022997,
                    0.34378523
                ],
                [
                    0.0,
                    0.0,
                    0.0,
                    1.0
                ]
            ]
        },
        {
            "fl_x": 718.82043,
            "fl_y": 718.82043,
            "cx": 500.05066,
            "cy": 369.78244,
            "w": 994,
            "h": 738,
            "file_path": "./images/frame_00014.jpg",
            "transform_matrix": [
                [
                    -0.051648647,
                    -0.89264417,
                    0.44779286,
                    -0.7151451
                ],
                [
                    0.38640258,
                    0.3956055,
                    0.83318007,
                    0.8037436
                ],
                [
                    -0.92088294,
                    0.21606098,
                    0.3244876,
                    0.24555779
                ],
                [
                    0.0,
                    0.0,
                    0.0,
                    1.0
                ]
            ]
        },
        {
            "fl_x": 718.6076,
            "fl_y": 718.6076,
            "cx": 500.29200000000003,
            "cy": 369.7573,
            "w": 994,
            "h": 738,
            "file_path": "./images/frame_00015.jpg",
            "transform_matrix": [
                [
                    -0.0025566374,
                    -0.8794121,
                    0.47605386,
                    -0.71941936
                ],
                [
                    0.38356674,
                    0.43878078,
                    0.8126177,
                    0.80996954
                ],
                [
                    -0.92350954,
                    0.18467607,
                    0.3361916,
                    0.18328544
                ],
                [
                    0.0,
                    0.0,
                    0.0,
                    1.0
                ]
            ]
        },
        {
            "fl_x": 718.3536,
            "fl_y": 718.3536,
            "cx": 500.3134,
            "cy": 369.73102,
            "w": 994,
            "h": 738,
            "file_path": "./images/frame_00016.jpg",
            "transform_matrix": [
                [
                    0.009130349,
                    -0.86085594,
                    0.50876665,
                    -0.7221971
                ],
                [
                    0.3862798,
                    0.4723295,
                    0.7922704,
                    0.8045025
                ],
                [
                    -0.92233646,
                    0.1892926,
                    0.33684385,
                    0.16114552
                ],
                [
                    0.0,
                    0.0,
                    0.0,
                    1.0
                ]
            ]
        },
        {
            "fl_x": 718.1057,
            "fl_y": 718.1057,
            "cx": 500.32899999999995,
            "cy": 369.22278,
            "w": 994,
            "h": 738,
            "file_path": "./images/frame_00017.jpg",
            "transform_matrix": [
                [
                    0.17887737,
                    -0.8584328,
                    0.48072404,
                    -0.79871976
                ],
                [
                    0.3181716,
                    0.51282173,
                    0.7973584,
                    0.8138629
                ],
                [
                    -0.93100464,
                    0.010323367,
                    0.36486125,
                    -0.07756102
                ],
                [
                    0.0,
                    0.0,
                    0.0,
                    1.0
                ]
            ]
        },
        {
            "fl_x": 718.04535,
            "fl_y": 718.04535,
            "cx": 500.16409999999996,
            "cy": 369.2534,
            "w": 994,
            "h": 738,
            "file_path": "./images/frame_00018.jpg",
            "transform_matrix": [
                [
                    0.081192836,
                    -0.94685423,
                    0.31124684,
                    -0.86955816
                ],
                [
                    0.35940504,
                    0.31908217,
                    0.87693465,
                    0.86963564
                ],
                [
                    -0.9296428,
                    0.040662874,
                    0.3662114,
                    -0.10182842
                ],
                [
                    0.0,
                    0.0,
                    0.0,
                    1.0
                ]
            ]
        },
        {
            "fl_x": 718.06445,
            "fl_y": 718.06445,
            "cx": 500.25116,
            "cy": 369.1934,
            "w": 994,
            "h": 738,
            "file_path": "./images/frame_00019.jpg",
            "transform_matrix": [
                [
                    0.03356135,
                    -0.98669314,
                    0.15909159,
                    -0.96300495
                ],
                [
                    0.41062132,
                    0.1587388,
                    0.89788187,
                    0.97090495
                ],
                [
                    -0.91118807,
                    0.035192274,
                    0.41048476,
                    -0.096436135
                ],
                [
                    0.0,
                    0.0,
                    0.0,
                    1.0
                ]
            ]
        },
        {
            "fl_x": 718.9523,
            "fl_y": 718.9523,
            "cx": 500.16876,
            "cy": 369.19095,
            "w": 994,
            "h": 738,
            "file_path": "./images/frame_00020.jpg",
            "transform_matrix": [
                [
                    0.0029572276,
                    -0.9995685,
                    0.029218145,
                    -1.132474
                ],
                [
                    0.26877946,
                    0.028937604,
                    0.9627668,
                    1.0415037
                ],
                [
                    -0.9631972,
                    0.005006117,
                    0.26874912,
                    -0.12540095
                ],
                [
                    0.0,
                    0.0,
                    0.0,
                    1.0
                ]
            ]
        },
        {
            "fl_x": 718.363,
            "fl_y": 718.363,
            "cx": 500.42600000000004,
            "cy": 368.95047,
            "w": 994,
            "h": 738,
            "file_path": "./images/frame_00021.jpg",
            "transform_matrix": [
                [
                    0.0019555986,
                    -0.99353063,
                    -0.11354689,
                    -1.2703451
                ],
                [
                    0.1839281,
                    -0.11125257,
                    0.9766233,
                    1.1995649
                ],
                [
                    -0.9829378,
                    -0.022794347,
                    0.18252066,
                    -0.1004003
                ],
                [
                    0.0,
                    0.0,
                    0.0,
                    1.0
                ]
            ]
        },
        {
            "fl_x": 717.79126,
            "fl_y": 717.79126,
            "cx": 500.3977,
            "cy": 369.1365,
            "w": 994,
            "h": 738,
            "file_path": "./images/frame_00022.jpg",
            "transform_matrix": [
                [
                    -0.08076566,
                    -0.9757464,
                    -0.20345885,
                    -1.4285644
                ],
                [
                    0.13149734,
                    -0.21277241,
                    0.9682128,
                    1.1540644
                ],
                [
                    -0.9880209,
                    0.051444046,
                    0.1454928,
                    0.004994964
                ],
                [
                    0.0,
                    0.0,
                    0.0,
                    1.0
                ]
            ]
        },
        {
            "fl_x": 717.49744,
            "fl_y": 717.49744,
            "cx": 500.4211,
            "cy": 369.1746,
            "w": 994,
            "h": 738,
            "file_path": "./images/frame_00023.jpg",
            "transform_matrix": [
                [
                    -0.07596338,
                    -0.957169,
                    -0.27938625,
                    -1.5019238
                ],
                [
                    0.13050167,
                    -0.28732947,
                    0.94889975,
                    1.1324989
                ],
                [
                    -0.9885337,
                    0.03562128,
                    0.14673871,
                    0.033315025
                ],
                [
                    0.0,
                    0.0,
                    0.0,
                    1.0
                ]
            ]
        },
        {
            "fl_x": 717.4562,
            "fl_y": 717.4562,
            "cx": 500.3134,
            "cy": 369.73526,
            "w": 994,
            "h": 738,
            "file_path": "./images/frame_00024.jpg",
            "transform_matrix": [
                [
                    -0.2623848,
                    -0.9102219,
                    -0.32039043,
                    -1.6238137
                ],
                [
                    0.051910948,
                    -0.3448571,
                    0.9372185,
                    1.1561545
                ],
                [
                    -0.96356595,
                    0.22928016,
                    0.13773578,
                    0.21023169
                ],
                [
                    0.0,
                    0.0,
                    0.0,
                    1.0
                ]
            ]
        },
        {
            "fl_x": 717.49426,
            "fl_y": 717.49426,
            "cx": 500.3088,
            "cy": 369.5667,
            "w": 994,
            "h": 738,
            "file_path": "./images/frame_00025.jpg",
            "transform_matrix": [
                [
                    -0.16986243,
                    -0.85149795,
                    -0.49608234,
                    -1.6818229
                ],
                [
                    0.10975861,
                    -0.5166127,
                    0.8491549,
                    1.0480362
                ],
                [
                    -0.9793363,
                    0.08979022,
                    0.18121234,
                    0.054814097
                ],
                [
                    0.0,
                    0.0,
                    0.0,
                    1.0
                ]
            ]
        },
        {
            "fl_x": 717.49426,
            "fl_y": 717.49426,
            "cx": 500.3193,
            "cy": 369.2105,
            "w": 994,
            "h": 738,
            "file_path": "./images/frame_00026.jpg",
            "transform_matrix": [
                [
                    -0.21262246,
                    -0.75543374,
                    -0.61976707,
                    -1.7801325
                ],
                [
                    0.21672796,
                    -0.6549314,
                    0.72394305,
                    1.0546869
                ],
                [
                    -0.9527962,
                    0.019605692,
                    0.30297682,
                    -0.04909444
                ],
                [
                    0.0,
                    0.0,
                    0.0,
                    1.0
                ]
            ]
        },
        {
            "fl_x": 717.4641,
            "fl_y": 717.4641,
            "cx": 500.3511,
            "cy": 368.8605,
            "w": 994,
            "h": 738,
            "file_path": "./images/frame_00027.jpg",
            "transform_matrix": [
                [
                    -0.19091767,
                    -0.69554496,
                    -0.6926524,
                    -1.983631
                ],
                [
                    0.20088837,
                    -0.71838224,
                    0.66601086,
                    0.89590853
                ],
                [
                    -0.96083,
                    -0.01199259,
                    0.27687883,
                    -0.15342551
                ],
                [
                    0.0,
                    0.0,
                    0.0,
                    1.0
                ]
            ]
        },
        {
            "fl_x": 717.2878,
            "fl_y": 717.2878,
            "cx": 500.26890000000003,
            "cy": 368.9579,
            "w": 994,
            "h": 738,
            "file_path": "./images/frame_00028.jpg",
            "transform_matrix": [
                [
                    -0.18095566,
                    -0.6632071,
                    -0.72623074,
                    -2.008776
                ],
                [
                    0.2055917,
                    -0.7476154,
                    0.6315084,
                    0.8913934
                ],
                [
                    -0.9617625,
                    -0.035032,
                    0.27163517,
                    -0.16034977
                ],
                [
                    0.0,
                    0.0,
                    0.0,
                    1.0
                ]
            ]
        },
        {
            "fl_x": 717.2163,
            "fl_y": 717.2163,
            "cx": 500.23046999999997,
            "cy": 368.9855,
            "w": 994,
            "h": 738,
            "file_path": "./images/frame_00029.jpg",
            "transform_matrix": [
                [
                    -0.18279296,
                    -0.6483358,
                    -0.7390853,
                    -2.0210192
                ],
                [
                    0.21033806,
                    -0.7601345,
                    0.61477894,
                    0.8930248
                ],
                [
                    -0.9603877,
                    -0.043080524,
                    0.27531698,
                    -0.16344975
                ],
                [
                    0.0,
                    0.0,
                    0.0,
                    1.0
                ]
            ]
        },
        {
            "fl_x": 716.8987,
            "fl_y": 716.8987,
            "cx": 500.33043999999995,
            "cy": 368.9385,
            "w": 994,
            "h": 738,
            "file_path": "./images/frame_00030.jpg",
            "transform_matrix": [
                [
                    -0.23122142,
                    -0.5784864,
                    -0.782234,
                    -2.1351867
                ],
                [
                    0.18617849,
                    -0.81547254,
                    0.5480347,
                    0.8976972
                ],
                [
                    -0.9549211,
                    -0.01891777,
                    0.2962565,
                    -0.17024413
                ],
                [
                    0.0,
                    0.0,
                    0.0,
                    1.0
                ]
            ]
        },
        {
            "fl_x": 717.1687,
            "fl_y": 717.1687,
            "cx": 500.6082,
            "cy": 369.29895,
            "w": 994,
            "h": 738,
            "file_path": "./images/frame_00031.jpg",
            "transform_matrix": [
                [
                    -0.20515868,
                    -0.5538097,
                    -0.8069724,
                    -2.198217
                ],
                [
                    -0.07143622,
                    -0.8138384,
                    0.5766832,
                    0.67890346
                ],
                [
                    -0.97611815,
                    0.17595868,
                    0.12740396,
                    0.09702011
                ],
                [
                    0.0,
                    0.0,
                    0.0,
                    1.0
                ]
            ]
        },
        {
            "fl_x": 717.2259,
            "fl_y": 717.2259,
            "cx": 500.56134,
            "cy": 369.3367,
            "w": 994,
            "h": 738,
            "file_path": "./images/frame_00032.jpg",
            "transform_matrix": [
                [
                    -0.20412862,
                    -0.54679346,
                    -0.81200236,
                    -2.1950333
                ],
                [
                    -0.0980041,
                    -0.81388605,
                    0.57269907,
                    0.6710241
                ],
                [
                    -0.9740259,
                    0.1964839,
                    0.11254946,
                    0.11719723
                ],
                [
                    0.0,
                    0.0,
                    0.0,
                    1.0
                ]
            ]
        },
        {
            "fl_x": 717.5022,
            "fl_y": 717.5022,
            "cx": 500.3021,
            "cy": 369.79666,
            "w": 994,
            "h": 738,
            "file_path": "./images/frame_00033.jpg",
            "transform_matrix": [
                [
                    -0.38907117,
                    -0.6054099,
                    -0.6943359,
                    -2.160886
                ],
                [
                    -0.030401608,
                    -0.7448746,
                    0.6665115,
                    0.55543077
                ],
                [
                    -0.9207059,
                    0.28042936,
                    0.2714038,
                    0.31611264
                ],
                [
                    0.0,
                    0.0,
                    0.0,
                    1.0
                ]
            ]
        },
        {
            "fl_x": 718.28674,
            "fl_y": 718.28674,
            "cx": 500.03009999999995,
            "cy": 369.9133,
            "w": 994,
            "h": 738,
            "file_path": "./images/frame_00034.jpg",
            "transform_matrix": [
                [
                    -0.4540427,
                    -0.5055018,
                    -0.7336981,
                    -2.1857266
                ],
                [
                    0.031069571,
                    -0.8319554,
                    0.55397177,
                    0.42076498
                ],
                [
                    -0.8904381,
                    0.2287312,
                    0.39344907,
                    0.38470206
                ],
                [
                    0.0,
                    0.0,
                    0.0,
                    1.0
                ]
            ]
        },
        {
            "fl_x": 718.2645,
            "fl_y": 718.2645,
            "cx": 500.08984,
            "cy": 369.78165,
            "w": 994,
            "h": 738,
            "file_path": "./images/frame_00035.jpg",
            "transform_matrix": [
                [
                    -0.45861706,
                    -0.45595294,
                    -0.76274306,
                    -2.214404
                ],
                [
                    0.0037180951,
                    -0.85930914,
                    0.51144266,
                    0.38501856
                ],
                [
                    -0.88862616,
                    0.23172043,
                    0.39578918,
                    0.37759176
                ],
                [
                    0.0,
                    0.0,
                    0.0,
                    1.0
                ]
            ]
        },
        {
            "fl_x": 717.76587,
            "fl_y": 717.76587,
            "cx": 500.10670000000005,
            "cy": 369.69846,
            "w": 994,
            "h": 738,
            "file_path": "./images/frame_00036.jpg",
            "transform_matrix": [
                [
                    -0.39490578,
                    -0.3139127,
                    -0.863428,
                    -2.2190163
                ],
                [
                    -0.028290594,
                    -0.93521386,
                    0.35295084,
                    0.2312595
                ],
                [
                    -0.91828585,
                    0.16380927,
                    0.36044073,
                    0.27946404
                ],
                [
                    0.0,
                    0.0,
                    0.0,
                    1.0
                ]
            ]
        },
        {
            "fl_x": 717.51495,
            "fl_y": 717.51495,
            "cx": 500.14200000000005,
            "cy": 369.66898,
            "w": 994,
            "h": 738,
            "file_path": "./images/frame_00037.jpg",
            "transform_matrix": [
                [
                    -0.3876064,
                    -0.2769324,
                    -0.8792437,
                    -2.232042
                ],
                [
                    -0.043345597,
                    -0.94727725,
                    0.31746924,
                    0.21047728
                ],
                [
                    -0.9208053,
                    0.16116448,
                    0.355167,
                    0.26936334
                ],
                [
                    0.0,
                    0.0,
                    0.0,
                    1.0
                ]
            ]
        },
        {
            "fl_x": 717.2195,
            "fl_y": 717.2195,
            "cx": 500.2319,
            "cy": 369.5387,
            "w": 994,
            "h": 738,
            "file_path": "./images/frame_00038.jpg",
            "transform_matrix": [
                [
                    -0.33905232,
                    -0.10337313,
                    -0.93507063,
                    -2.3578753
                ],
                [
                    -0.1135715,
                    -0.98217756,
                    0.14976136,
                    0.095160425
                ],
                [
                    -0.933887,
                    0.15697436,
                    0.32126942,
                    0.16294801
                ],
                [
                    0.0,
                    0.0,
                    0.0,
                    1.0
                ]
            ]
        },
        {
            "fl_x": 716.89233,
            "fl_y": 716.89233,
            "cx": 500.3135,
            "cy": 369.39728,
            "w": 994,
            "h": 738,
            "file_path": "./images/frame_00039.jpg",
            "transform_matrix": [
                [
                    -0.23966481,
                    0.04948912,
                    -0.96959335,
                    -2.3278503
                ],
                [
                    -0.07946922,
                    -0.99634844,
                    -0.031211445,
                    -0.07679157
                ],
                [
                    -0.9675977,
                    0.06957256,
                    0.24272257,
                    0.0009513198
                ],
                [
                    0.0,
                    0.0,
                    0.0,
                    1.0
                ]
            ]
        },
        {
            "fl_x": 716.93365,
            "fl_y": 716.93365,
            "cx": 500.36383,
            "cy": 369.3553,
            "w": 994,
            "h": 738,
            "file_path": "./images/frame_00040.jpg",
            "transform_matrix": [
                [
                    -0.24078944,
                    0.11400971,
                    -0.96385795,
                    -2.350685
                ],
                [
                    -0.07321594,
                    -0.9923809,
                    -0.099092826,
                    -0.12174845
                ],
                [
                    -0.96781194,
                    0.04670926,
                    0.2473022,
                    -0.018667592
                ],
                [
                    0.0,
                    0.0,
                    0.0,
                    1.0
                ]
            ]
        },
        {
            "fl_x": 716.90826,
            "fl_y": 716.90826,
            "cx": 500.3008,
            "cy": 369.31912,
            "w": 994,
            "h": 738,
            "file_path": "./images/frame_00041.jpg",
            "transform_matrix": [
                [
                    -0.2459972,
                    0.13122803,
                    -0.9603459,
                    -2.3577783
                ],
                [
                    -0.07791327,
                    -0.99026346,
                    -0.11535829,
                    -0.1328261
                ],
                [
                    -0.96613395,
                    0.04644588,
                    0.2538265,
                    -0.02692335
                ],
                [
                    0.0,
                    0.0,
                    0.0,
                    1.0
                ]
            ]
        },
        {
            "fl_x": 718.6473,
            "fl_y": 718.6473,
            "cx": 500.1702,
            "cy": 368.91086,
            "w": 994,
            "h": 738,
            "file_path": "./images/frame_00042.jpg",
            "transform_matrix": [
                [
                    -0.45503736,
                    0.22763814,
                    -0.86088413,
                    -2.2371922
                ],
                [
                    -0.07369911,
                    -0.9730832,
                    -0.21835108,
                    -0.3372349
                ],
                [
                    -0.88741726,
                    -0.035911508,
                    0.459566,
                    -0.15636837
                ],
                [
                    0.0,
                    0.0,
                    0.0,
                    1.0
                ]
            ]
        },
        {
            "fl_x": 728.4529,
            "fl_y": 728.4529,
            "cx": 500.43895999999995,
            "cy": 368.85873,
            "w": 994,
            "h": 738,
            "file_path": "./images/frame_00043.jpg",
            "transform_matrix": [
                [
                    -0.34520835,
                    0.38611042,
                    -0.8554238,
                    -2.116366
                ],
                [
                    -0.106362954,
                    -0.92167735,
                    -0.37309203,
                    -0.46365196
                ],
                [
                    -0.9324796,
                    -0.037809093,
                    0.35923856,
                    -0.121008515
                ],
                [
                    0.0,
                    0.0,
                    0.0,
                    1.0
                ]
            ]
        },
        {
            "fl_x": 723.83923,
            "fl_y": 723.83923,
            "cx": 500.10657000000003,
            "cy": 368.94504,
            "w": 994,
            "h": 738,
            "file_path": "./images/frame_00044.jpg",
            "transform_matrix": [
                [
                    -0.33020622,
                    0.5371076,
                    -0.7761953,
                    -2.0385642
                ],
                [
                    -0.23591812,
