{
    "camera_model": "OPENCV",
    "orientation_override": "none",
    "frames": [
        {
            "fl_x": 730.18567,
            "fl_y": 730.18567,
            "cx": 500.45276,
            "cy": 369.09393,
            "w": 994,
            "h": 738,
            "file_path": "./images/frame_00001.jpg",
            "transform_matrix": [
                [
                    0.107286274,
                    -0.86101586,
                    0.49713317,
                    0.021677412
                ],
                [
                    0.185381,
                    0.5085744,
                    0.8408245,
                    0.13742144
                ],
                [
                    -0.9767924,
                    0.0019501222,
                    0.21417901,
                    -0.037631482
                ],
                [
                    0.0,
                    0.0,
                    0.0,
                    1.0
                ]
            ]
        },
        {
            "fl_x": 726.9807,
            "fl_y": 726.9807,
            "cx": 500.52059999999994,
            "cy": 369.16455,
            "w": 994,
            "h": 738,
            "file_path": "./images/frame_00002.jpg",
            "transform_matrix": [
                [
                    0.0091830455,
                    -0.9435224,
                    0.3311818,
                    -0.0004040179
                ],
                [
                    0.1146366,
                    0.33000553,
                    0.93699247,
                    0.17446157
                ],
                [
                    -0.9933651,
                    0.029361106,
                    0.11119264,
                    -0.071774594
                ],
                [
                    0.0,
                    0.0,
                    0.0,
                    1.0
                ]
            ]
        },
        {
            "fl_x": 728.44183,
            "fl_y": 728.44183,
            "cx": 500.61694,
            "cy": 369.1417,
            "w": 994,
            "h": 738,
            "file_path": "./images/frame_00003.jpg",
            "transform_matrix": [
                [
                    0.006590093,
                    -0.99229217,
                    0.12374467,
                    -0.08532949
                ],
                [
                    0.2657746,
                    0.121034704,
                    0.95640695,
                    0.117241114
                ],
                [
                    -0.9640126,
                    0.02658539,
                    0.2645237,
                    -0.026016552
                ],
                [
                    0.0,
                    0.0,
                    0.0,
                    1.0
                ]
            ]
        },
        {
            "fl_x": 735.1234,
            "fl_y": 735.1234,
            "cx": 500.21169999999995,
            "cy": 369.18176,
            "w": 994,
            "h": 738,
            "file_path": "./images/frame_00004.jpg",
            "transform_matrix": [
                [
                    -0.045759678,
                    -0.99891835,
                    -0.008254271,
                    -0.1852061
                ],
                [
                    0.3194073,
                    -0.02245994,
                    0.9473513,
                    0.14160813
                ],
                [
                    -0.946512,
                    0.04071402,
                    0.32008955,
                    7.718429e-05
                ],
                [
                    0.0,
                    0.0,
                    0.0,
                    1.0
                ]
            ]
        },
        {
            "fl_x": 736.151,
            "fl_y": 736.151,
            "cx": 500.33574999999996,
            "cy": 369.3721,
            "w": 994,
            "h": 738,
            "file_path": "./images/frame_00005.jpg",
            "transform_matrix": [
                [
                    -0.09212657,
                    -0.98289704,
                    -0.15945615,
                    -0.26666853
                ],
                [
                    0.24838799,
                    -0.17775913,
                    0.95221066,
                    0.1469715
                ],
                [
                    -0.9642697,
                    0.0481169,
                    0.26051617,
                    -0.043406192
                ],
                [
                    0.0,
                    0.0,
                    0.0,
                    1.0
                ]
            ]
        },
        {
            "fl_x": 734.89954,
            "fl_y": 734.89954,
            "cx": 500.40060000000005,
            "cy": 369.30612,
            "w": 994,
            "h": 738,
            "file_path": "./images/frame_00006.jpg",
            "transform_matrix": [
                [
                    -0.101968765,
                    -0.9451696,
                    -0.31025264,
                    -0.33343002
                ],
                [
                    0.21232443,
                    -0.32536986,
                    0.92144054,
                    0.15589096
                ],
                [
                    -0.9718645,
                    0.028083943,
                    0.23386015,
                    -0.06418094
                ],
                [
                    0.0,
                    0.0,
                    0.0,
                    1.0
                ]
            ]
        },
        {
            "fl_x": 734.0784,
            "fl_y": 734.0784,
            "cx": 500.60029999999995,
            "cy": 369.14667,
            "w": 994,
            "h": 738,
            "file_path": "./images/frame_00007.jpg",
            "transform_matrix": [
                [
                    -0.13661964,
                    -0.91780114,
                    -0.372795,
                    -0.3587595
                ],
                [
                    0.20041488,
                    -0.39414945,
                    0.89692795,
                    0.15426734
                ],
                [
                    -0.9701386,
                    0.047824312,
                    0.23778959,
                    -0.031328067
                ],
                [
                    0.0,
                    0.0,
                    0.0,
                    1.0
                ]
            ]
        },
        {
            "fl_x": 733.57336,
            "fl_y": 733.57336,
            "cx": 500.73569999999995,
            "cy": 369.16455,
            "w": 994,
            "h": 738,
            "file_path": "./images/frame_00008.jpg",
            "transform_matrix": [
                [
                    -0.15009171,
                    -0.9244162,
                    -0.35060966,
                    -0.37570533
                ],
                [
                    0.27720666,
                    -0.37975016,
                    0.88257915,
                    0.13560593
                ],
                [
                    -0.9490147,
                    0.035276465,
                    0.31325167,
                    0.027115755
                ],
                [
                    0.0,
                    0.0,
                    0.0,
                    1.0
                ]
            ]
        },
        {
            "fl_x": 733.1731,
            "fl_y": 733.1731,
            "cx": 500.69653000000005,
            "cy": 369.20016,
            "w": 994,
            "h": 738,
            "file_path": "./images/frame_00009.jpg",
            "transform_matrix": [
                [
                    -0.14891371,
                    -0.9267547,
                    -0.34489176,
                    -0.38331
                ],
                [
                    0.3089215,
                    -0.37492383,
                    0.8740706,
                    0.123248294
                ],
                [
                    -0.9393573,
                    0.023616627,
                    0.34212574,
                    0.0719142
                ],
                [
                    0.0,
                    0.0,
                    0.0,
                    1.0
                ]
            ]
        },
        {
            "fl_x": 732.7951,
            "fl_y": 732.7951,
            "cx": 500.62620000000004,
            "cy": 369.17236,
            "w": 994,
            "h": 738,
            "file_path": "./images/frame_00010.jpg",
            "transform_matrix": [
                [
                    -0.17454533,
                    -0.92394054,
                    -0.34039348,
                    -0.38404784
                ],
                [
                    0.30987448,
                    -0.37967858,
                    0.8716776,
                    0.110018566
                ],
                [
                    -0.9346185,
                    0.046668,
                    0.35257673,
                    0.119406715
                ],
                [
                    0.0,
                    0.0,
                    0.0,
                    1.0
                ]
            ]
        },
        {
            "fl_x": 731.7215,
            "fl_y": 731.7215,
            "cx": 500.12260000000003,
            "cy": 369.2224,
            "w": 994,
            "h": 738,
            "file_path": "./images/frame_00011.jpg",
            "transform_matrix": [
                [
                    -0.21890949,
                    -0.9087153,
                    -0.35540795,
                    -0.37601388
                ],
                [
                    0.35804337,
                    -0.41364345,
                    0.8370805,
                    0.06059022
                ],
                [
                    -0.9076802,
                    0.055993386,
                    0.41591,
                    0.20293748
                ],
                [
                    0.0,
                    0.0,
                    0.0,
                    1.0
                ]
            ]
        },
        {
            "fl_x": 732.76807,
            "fl_y": 732.76807,
            "cx": 499.89649999999995,
            "cy": 369.36304,
            "w": 994,
            "h": 738,
            "file_path": "./images/frame_00012.jpg",
            "transform_matrix": [
                [
                    -0.32980454,
                    -0.8070306,
                    -0.48982692,
                    -0.45478553
                ],
                [
                    0.3577745,
                    -0.58700156,
                    0.72624135,
                    0.030684402
                ],
                [
                    -0.87362826,
                    0.064270094,
                    0.48233074,
                    0.13347714
                ],
                [
                    0.0,
                    0.0,
                    0.0,
                    1.0
                ]
            ]
        },
        {
            "fl_x": 733.0921,
            "fl_y": 733.0921,
            "cx": 500.09295999999995,
            "cy": 369.35748,
            "w": 994,
            "h": 738,
            "file_path": "./images/frame_00013.jpg",
            "transform_matrix": [
                [
                    -0.34938866,
                    -0.73084855,
                    -0.58633447,
                    -0.52528447
                ],
                [
                    0.28691325,
                    -0.6791623,
                    0.6755882,
                    0.04580422
                ],
                [
                    -0.8919689,
                    0.06781571,
                    0.44698173,
                    0.09530934
                ],
                [
                    0.0,
                    0.0,
                    0.0,
                    1.0
                ]
            ]
        },
        {
            "fl_x": 731.65796,
            "fl_y": 731.65796,
            "cx": 500.21259999999995,
            "cy": 369.3088,
            "w": 994,
            "h": 738,
            "file_path": "./images/frame_00014.jpg",
            "transform_matrix": [
                [
                    -0.32579374,
                    -0.6372545,
                    -0.69840187,
                    -0.5799635
                ],
                [
                    0.20804471,
                    -0.76892,
                    0.6045489,
                    0.018723141
                ],
                [
                    -0.92226666,
                    0.051659428,
                    0.38308674,
                    0.06016621
                ],
                [
                    0.0,
                    0.0,
                    0.0,
                    1.0
                ]
            ]
        },
        {
            "fl_x": 731.9295,
            "fl_y": 731.9295,
            "cx": 500.22990000000004,
            "cy": 369.327,
            "w": 994,
            "h": 738,
            "file_path": "./images/frame_00015.jpg",
            "transform_matrix": [
                [
                    -0.36648753,
                    -0.49606586,
                    -0.7871502,
                    -0.615713
                ],
                [
                    0.14007646,
                    -0.8657879,
                    0.4804058,
                    -0.048265155
                ],
                [
                    -0.9198181,
                    0.06580153,
                    0.3867876,
                    -0.013831033
                ],
                [
                    0.0,
                    0.0,
                    0.0,
                    1.0
                ]
            ]
        },
        {
            "fl_x": 731.5086,
            "fl_y": 731.5086,
            "cx": 500.26,
            "cy": 369.34766,
            "w": 994,
            "h": 738,
            "file_path": "./images/frame_00016.jpg",
            "transform_matrix": [
                [
                    -0.3295692,
                    -0.36310282,
                    -0.8715162,
                    -0.6675134
                ],
                [
                    0.08212516,
                    -0.93061423,
                    0.35666883,
                    -0.07786167
                ],
                [
                    -0.9405529,
                    0.04597366,
                    0.33652163,
                    -0.03839566
                ],
                [
                    0.0,
                    0.0,
                    0.0,
                    1.0
                ]
            ]
        },
        {
            "fl_x": 730.21906,
            "fl_y": 730.21906,
            "cx": 500.36176,
            "cy": 369.2335,
            "w": 994,
            "h": 738,
            "file_path": "./images/frame_00017.jpg",
            "transform_matrix": [
                [
                    -0.33509827,
                    -0.22447197,
                    -0.9150526,
                    -0.67325443
                ],
                [
                    0.02843567,
                    -0.97317165,
                    0.22831585,
                    -0.14270256
                ],
                [
                    -0.9417539,
                    0.050488114,
                    0.33249122,
                    -0.083492726
                ],
                [
                    0.0,
                    0.0,
                    0.0,
                    1.0
                ]
            ]
        },
        {
            "fl_x": 730.8956,
            "fl_y": 730.8956,
            "cx": 500.34704999999997,
            "cy": 369.26318,
            "w": 994,
            "h": 738,
            "file_path": "./images/frame_00018.jpg",
            "transform_matrix": [
                [
                    -0.3192507,
                    -0.111433476,
                    -0.9410959,
                    -0.6655498
                ],
                [
                    0.013940277,
                    -0.9935073,
                    0.11291042,
                    -0.19871274
                ],
                [
                    -0.9475677,
                    0.022927599,
                    0.31873137,
                    -0.09717132
                ],
                [
                    0.0,
                    0.0,
                    0.0,
                    1.0
                ]
            ]
        },
        {
            "fl_x": 731.1466,
            "fl_y": 731.1466,
            "cx": 500.3845,
            "cy": 369.22922,
            "w": 994,
            "h": 738,
            "file_path": "./images/frame_00019.jpg",
            "transform_matrix": [
                [
                    -0.28050792,
                    0.013583244,
                    -0.95975566,
                    -0.67353314
                ],
                [
                    -0.03373742,
                    -0.99942154,
                    -0.004284238,
                    -0.23018534
                ],
                [
                    -0.9592587,
                    0.031177921,
                    0.28080392,
                    -0.074829906
                ],
                [
                    0.0,
                    0.0,
                    0.0,
                    1.0
                ]
            ]
        },
        {
            "fl_x": 731.60876,
            "fl_y": 731.60876,
            "cx": 500.58545000000004,
            "cy": 369.1888,
            "w": 994,
            "h": 738,
            "file_path": "./images/frame_00020.jpg",
            "transform_matrix": [
                [
                    -0.20657076,
                    0.1497588,
                    -0.9669027,
                    -0.6902528
                ],
                [
                    -0.098945744,
                    -0.9863482,
                    -0.13163151,
                    -0.28911683
                ],
                [
                    -0.97341573,
                    0.06847969,
                    0.2185687,
                    0.0074723028
                ],
                [
                    0.0,
                    0.0,
                    0.0,
                    1.0
                ]
            ]
        },
        {
            "fl_x": 732.1804,
            "fl_y": 732.1804,
            "cx": 500.27909999999997,
            "cy": 369.23068,
            "w": 994,
            "h": 738,
            "file_path": "./images/frame_00021.jpg",
            "transform_matrix": [
                [
                    -0.3464174,
                    0.26830032,
                    -0.8988938,
                    -0.6111837
                ],
                [
                    -0.123301685,
                    -0.9629361,
                    -0.23989737,
                    -0.3391893
                ],
                [
                    -0.9299418,
                    0.027730508,
                    0.3666597,
                    0.08982743
                ],
                [
                    0.0,
                    0.0,
                    0.0,
                    1.0
                ]
            ]
        },
        {
            "fl_x": 731.64844,
            "fl_y": 731.64844,
            "cx": 500.18989999999997,
            "cy": 369.2172,
            "w": 994,
            "h": 738,
            "file_path": "./images/frame_00022.jpg",
            "transform_matrix": [
                [
                    -0.42810464,
                    0.3843418,
                    -0.81792897,
                    -0.56830865
                ],
                [
                    -0.19152613,
                    -0.9230865,
                    -0.33351,
                    -0.40944389
                ],
                [
                    -0.88320106,
                    0.01387758,
                    0.46878907,
                    0.12741257
                ],
                [
                    0.0,
                    0.0,
                    0.0,
                    1.0
                ]
            ]
        },
        {
            "fl_x": 733.4352,
            "fl_y": 733.4352,
            "cx": 499.76009999999997,
            "cy": 369.03714,
            "w": 994,
            "h": 738,
            "file_path": "./images/frame_00023.jpg",
            "transform_matrix": [
                [
                    -0.4956386,
                    0.51404923,
                    -0.7000684,
                    -0.4892236
                ],
                [
                    -0.32645673,
                    -0.8571955,
                    -0.39829856,
                    -0.45468065
                ],
                [
                    -0.80484056,
                    0.031129906,
                    0.592674,
                    0.18349892
                ],
                [
                    0.0,
                    0.0,
                    0.0,
                    1.0
                ]
            ]
        },
        {
            "fl_x": 733.60986,
            "fl_y": 733.60986,
            "cx": 499.7079,
            "cy": 369.2072,
            "w": 994,
            "h": 738,
            "file_path": "./images/frame_00024.jpg",
            "transform_matrix": [
                [
                    -0.4532046,
                    0.6450314,
                    -0.6152563,
                    -0.4898178
                ],
                [
                    -0.39119947,
                    -0.76411194,
                    -0.51292896,
                    -0.5046638
                ],
                [
                    -0.80097985,
                    0.008226177,
                    0.5986349,
                    0.16978382
                ],
                [
                    0.0,
                    0.0,
                    0.0,
                    1.0
                ]
            ]
        },
        {
            "fl_x": 733.9196,
            "fl_y": 733.9196,
            "cx": 499.65060000000005,
            "cy": 369.2082,
            "w": 994,
            "h": 738,
            "file_path": "./images/frame_00025.jpg",
            "transform_matrix": [
                [
                    -0.33168834,
                    0.7738633,
                    -0.539554,
                    -0.49317443
                ],
                [
                    -0.46025074,
                    -0.63199025,
                    -0.6235042,
                    -0.56828326
                ],
                [
                    -0.8234998,
                    0.04152104,
                    0.56579494,
                    0.14052734
                ],
                [
                    0.0,
                    0.0,
                    0.0,
                    1.0
                ]
            ]
        },
        {
            "fl_x": 733.7767,
            "fl_y": 733.7767,
            "cx": 499.83090000000004,
            "cy": 369.18622,
            "w": 994,
            "h": 738,
            "file_path": "./images/frame_00026.jpg",
            "transform_matrix": [
                [
                    -0.23733848,
                    0.84618586,
                    -0.47711638,
                    -0.49317676
                ],
                [
                    -0.45426404,
                    -0.53081733,
                    -0.7154559,
                    -0.63249695
                ],
                [
                    -0.8586703,
                    0.04693159,
                    0.5103752,
                    0.12992461
                ],
                [
                    0.0,
                    0.0,
                    0.0,
                    1.0
                ]
            ]
        },
        {
            "fl_x": 732.2599,
            "fl_y": 732.2599,
            "cx": 500.15099999999995,
            "cy": 369.16696,
            "w": 994,
            "h": 738,
            "file_path": "./images/frame_00027.jpg",
            "transform_matrix": [
                [
                    -0.13720492,
                    0.86781216,
                    -0.477574,
                    -0.46375266
                ],
                [
                    -0.31891316,
                    -0.49516293,
                    -0.80815095,
                    -0.68595827
                ],
                [
                    -0.93780017,
                    0.04142236,
                    0.34469548,
                    0.06652175
                ],
                [
                    0.0,
                    0.0,
                    0.0,
                    1.0
                ]
            ]
        },
        {
            "fl_x": 734.2769,
            "fl_y": 734.2769,
            "cx": 500.29846,
            "cy": 369.18048,
            "w": 994,
            "h": 738,
            "file_path": "./images/frame_00028.jpg",
            "transform_matrix": [
                [
                    -0.13061853,
                    0.9014523,
                    -0.4127016,
                    -0.39199528
                ],
                [
                    -0.26232123,
                    -0.43285623,
                    -0.86245173,
                    -0.69499546
                ],
                [
                    -0.95609957,
                    -0.00439179,
                    0.2930091,
                    -0.016047126
                ],
                [
                    0.0,
                    0.0,
                    0.0,
                    1.0
                ]
            ]
        },
        {
            "fl_x": 736.2511,
            "fl_y": 736.2511,
            "cx": 500.36414,
            "cy": 369.06522,
            "w": 994,
            "h": 738,
            "file_path": "./images/frame_00029.jpg",
            "transform_matrix": [
                [
                    -0.061637703,
                    0.9657916,
                    -0.25188768,
                    -0.3627032
                ],
                [
                    -0.25565884,
                    -0.2592253,
                    -0.9313649,
                    -0.72376174
                ],
                [
                    -0.9648001,
                    0.0069901077,
                    0.2628912,
                    -0.049753524
                ],
                [
                    0.0,
                    0.0,
                    0.0,
                    1.0
                ]
            ]
        },
        {
            "fl_x": 735.68884,
            "fl_y": 735.68884,
            "cx": 500.4308,
            "cy": 369.1021,
            "w": 994,
            "h": 738,
            "file_path": "./images/frame_00030.jpg",
            "transform_matrix": [
                [
                    -0.010659133,
                    0.9948802,
                    -0.10049788,
                    -0.32665247
                ],
                [
                    -0.22238514,
                    -0.10034515,
                    -0.96978116,
                    -0.7687036
                ],
                [
                    -0.9749006,
                    0.012012199,
                    0.22231615,
                    -0.0779166
                ],
                [
                    0.0,
                    0.0,
                    0.0,
                    1.0
                ]
            ]
        },
        {
            "fl_x": 733.8688,
            "fl_y": 733.8688,
            "cx": 500.46405000000004,
            "cy": 369.12686,
            "w": 994,
            "h": 738,
            "file_path": "./images/frame_00031.jpg",
            "transform_matrix": [
                [
                    0.06839005,
                    0.99617326,
                    0.05442104,
                    -0.24904886
                ],
                [
                    -0.2826154,
                    0.071658894,
                    -0.95655286,
                    -0.7440067
                ],
                [
                    -0.95679224,
                    0.050038476,
                    0.28643468,
                    -0.08447524
                ],
                [
                    0.0,
                    0.0,
                    0.0,
                    1.0
                ]
            ]
        },
        {
            "fl_x": 733.9895,
            "fl_y": 733.9895,
            "cx": 500.3673,
            "cy": 369.20926,
            "w": 994,
            "h": 738,
            "file_path": "./images/frame_00032.jpg",
            "transform_matrix": [
                [
                    0.090216585,
                    0.9738451,
                    0.20853478,
                    -0.19454442
                ],
                [
                    -0.26877755,
                    0.22542682,
                    -0.9364515,
                    -0.7232483
                ],
                [
                    -0.9589681,
                    0.028434008,
                    0.28208488,
                    -0.06347706
                ],
                [
                    0.0,
                    0.0,
                    0.0,
                    1.0
                ]
            ]
        },
        {
            "fl_x": 733.89734,
            "fl_y": 733.89734,
            "cx": 500.46387000000004,
            "cy": 369.1952,
            "w": 994,
            "h": 738,
            "file_path": "./images/frame_00033.jpg",
            "transform_matrix": [
                [
                    0.13498992,
                    0.94619614,
                    0.2940927,
                    -0.16642052
                ],
                [
                    -0.30243033,
                    0.32199124,
                    -0.8971385,
                    -0.7160628
                ],
                [
                    -0.9435643,
                    0.032162078,
                    0.32962403,
                    -0.027669284
                ],
                [
                    0.0,
                    0.0,
                    0.0,
                    1.0
                ]
            ]
        },
        {
            "fl_x": 733.5399,
            "fl_y": 733.5399,
            "cx": 500.4238,
            "cy": 369.16736,
            "w": 994,
            "h": 738,
            "file_path": "./images/frame_00034.jpg",
            "transform_matrix": [
                [
                    0.1847525,
                    0.90500724,
                    0.38318163,
                    -0.12681328
                ],
                [
                    -0.2555256,
                    0.42071888,
                    -0.8704608,
                    -0.71525735
                ],
                [
                    -0.9489853,
                    0.062907085,
                    0.30898142,
                    0.023785062
                ],
                [
                    0.0,
                    0.0,
                    0.0,
                    1.0
                ]
            ]
        },
        {
            "fl_x": 732.1106,
            "fl_y": 732.1106,
            "cx": 500.33765000000005,
            "cy": 369.23233,
            "w": 994,
            "h": 738,
            "file_path": "./images/frame_00035.jpg",
            "transform_matrix": [
                [
                    0.22703604,
                    0.87138104,
                    0.43491337,
                    -0.076991364
                ],
                [
                    -0.3449406,
                    0.48957515,
                    -0.80083203,
                    -0.656506
                ],
                [
                    -0.9107528,
                    0.031798452,
                    0.41172588,
                    0.10240571
                ],
                [
                    0.0,
                    0.0,
                    0.0,
                    1.0
                ]
            ]
        },
        {
            "fl_x": 731.0608,
            "fl_y": 731.0608,
            "cx": 500.1445,
            "cy": 369.1157,
            "w": 994,
            "h": 738,
            "file_path": "./images/frame_00036.jpg",
            "transform_matrix": [
                [
                    0.31659546,
                    0.8265104,
                    0.46545428,
                    -0.038856316
                ],
                [
                    -0.42016056,
                    0.5621229,
                    -0.71237826,
                    -0.5987108
                ],
                [
                    -0.85043067,
                    0.029970193,
                    0.5252327,
                    0.15677287
                ],
                [
                    0.0,
                    0.0,
                    0.0,
                    1.0
                ]
            ]
        },
        {
            "fl_x": 731.64996,
            "fl_y": 731.64996,
            "cx": 499.73900000000003,
            "cy": 369.2631,
            "w": 994,
            "h": 738,
            "file_path": "./images/frame_00037.jpg",
            "transform_matrix": [
                [
                    0.3448011,
                    0.7327454,
                    0.5866825,
                    0.039583173
                ],
                [
                    -0.30157867,
                    0.6783502,
                    -0.6699934,
                    -0.6004279
                ],
                [
                    -0.88891083,
                    0.05408354,
                    0.45487624,
                    0.11554092
                ],
                [
                    0.0,
                    0.0,
                    0.0,
                    1.0
                ]
            ]
        },
        {
            "fl_x": 732.19165,
            "fl_y": 732.19165,
            "cx": 500.2092,
            "cy": 369.17368,
            "w": 994,
            "h": 738,
            "file_path": "./images/frame_00038.jpg",
            "transform_matrix": [
                [
                    0.30077547,
                    0.69647336,
                    0.65150505,
                    0.08915989
                ],
                [
                    -0.2531681,
                    0.7169372,
                    -0.6495435,
                    -0.57219374
                ],
                [
                    -0.91947806,
                    0.03042645,
                    0.39196196,
                    0.049107134
                ],
                [
                    0.0,
                    0.0,
                    0.0,
                    1.0
                ]
            ]
        },
        {
            "fl_x": 733.62573,
            "fl_y": 733.62573,
            "cx": 500.20860000000005,
            "cy": 369.16724,
            "w": 994,
            "h": 738,
            "file_path": "./images/frame_00039.jpg",
            "transform_matrix": [
                [
                    0.32496908,
                    0.5562735,
                    0.76482356,
                    0.12598655
                ],
                [
                    -0.17433394,
                    0.8300934,
                    -0.52967227,
                    -0.5458162
                ],
                [
                    -0.92951757,
                    0.03879241,
                    0.366732,
                    0.032184314
                ],
                [
                    0.0,
                    0.0,
                    0.0,
                    1.0
                ]
            ]
        },
        {
            "fl_x": 735.1648,
            "fl_y": 735.1648,
            "cx": 500.29767000000004,
            "cy": 369.16208,
            "w": 994,
            "h": 738,
            "file_path": "./images/frame_00040.jpg",
            "transform_matrix": [
                [
                    0.3556221,
                    0.38966691,
                    0.84952486,
                    0.12844664
                ],
                [
                    -0.07926317,
                    0.91824204,
                    -0.38800615,
                    -0.49596775
                ],
                [
                    -0.9312627,
                    0.07064754,
                    0.3574334,
                    0.010254707
                ],
                [
                    0.0,
                    0.0,
                    0.0,
                    1.0
                ]
            ]
        },
        {
            "fl_x": 736.29553,
            "fl_y": 736.29553,
            "cx": 500.25305000000003,
            "cy": 369.25708,
            "w": 994,
            "h": 738,
            "file_path": "./images/frame_00041.jpg",
            "transform_matrix": [
                [
                    0.37078705,
                    0.21783434,
                    0.9028095,
                    0.11161815
                ],
                [
                    -0.031191988,
                    0.97447556,
                    -0.22231561,
                    -0.4610019
                ],
                [
                    -0.92819387,
                    0.05427132,
                    0.36811766,
                    0.00578985
                ],
                [
                    0.0,
                    0.0,
                    0.0,
                    1.0
                ]
            ]
        },
        {
            "fl_x": 735.8334,
            "fl_y": 735.8334,
            "cx": 500.18089999999995,
            "cy": 369.22562,
            "w": 994,
            "h": 738,
            "file_path": "./images/frame_00042.jpg",
            "transform_matrix": [
                [
                    0.47109222,
                    0.16050762,
                    0.8673578,
                    0.15107238
                ],
                [
                    -0.04662999,
                    0.9864619,
                    -0.1572219,
                    -0.41882047
                ],
                [
                    -0.8808507,
                    0.03362112,
                    0.47219893,
                    -0.0016586528
                ],
                [
                    0.0,
                    0.0,
                    0.0,
                    1.0
                ]
            ]
        },
        {
            "fl_x": 730.1936,
            "fl_y": 730.1936,
            "cx": 499.86346000000003,
            "cy": 369.16916,
            "w": 994,
            "h": 738,
            "file_path": "./images/frame_00043.jpg",
            "transform_matrix": [
                [
                    0.56810707,
                    0.10119588,
                    0.8167092,
                    0.22089829
                ],
                [
                    -0.03450546,
                    0.9944671,
                    -0.09921924,
                    -0.37594306
                ],
                [
                    -0.82223105,
                    0.028186189,
                    0.5684556,
                    -0.012439529
                ],
                [
                    0.0,
                    0.0,
                    0.0,
                    1.0
                ]
            ]
        },
        {
            "fl_x": 730.273,
            "fl_y": 730.273,
            "cx": 499.93304,
            "cy": 369.20834,
            "w": 994,
            "h": 738,
            "file_path": "./images/frame_00044.jpg",
            "transform_matrix": [
                [
