{
    "camera_model": "OPENCV",
    "orientation_override": "none",
    "frames": [
        {
            "fl_x": 720.7231,
            "fl_y": 720.7231,
            "cx": 500.13109999999995,
            "cy": 369.13165,
            "w": 994,
            "h": 738,
            "file_path": "./images/frame_00001.jpg",
            "transform_matrix": [
                [
                    0.064003766,
                    0.98155373,
                    0.18015477,
                    0.53242844
                ],
                [
                    -0.39700192,
                    0.1906687,
                    -0.8977944,
                    0.67620087
                ],
                [
                    -0.91558343,
                    -0.0140595725,
                    0.40188226,
                    -0.22740224
                ],
                [
                    0.0,
                    0.0,
                    0.0,
                    1.0
                ]
            ]
        },
        {
            "fl_x": 720.9597,
            "fl_y": 720.9597,
            "cx": 500.1862,
            "cy": 369.2356,
            "w": 994,
            "h": 738,
            "file_path": "./images/frame_00002.jpg",
            "transform_matrix": [
                [
                    0.11271382,
                    0.9374336,
                    0.32941383,
                    0.63177675
                ],
                [
                    -0.36158776,
                    0.3474931,
                    -0.86516035,
                    0.74366665
                ],
                [
                    -0.9254998,
                    -0.021596465,
                    0.37813184,
                    -0.22433962
                ],
                [
                    0.0,
                    0.0,
                    0.0,
                    1.0
                ]
            ]
        },
        {
            "fl_x": 722.11597,
            "fl_y": 722.11597,
            "cx": 500.13610000000006,
            "cy": 369.09143,
            "w": 994,
            "h": 738,
            "file_path": "./images/frame_00003.jpg",
            "transform_matrix": [
                [
                    0.17289716,
                    0.8864258,
                    0.42936632,
                    0.7342194
                ],
                [
                    -0.34951398,
                    0.46277848,
                    -0.81466293,
                    0.8237267
                ],
                [
                    -0.92084,
                    -0.0092165945,
                    0.38983136,
                    -0.21835531
                ],
                [
                    0.0,
                    0.0,
                    0.0,
                    1.0
                ]
            ]
        },
        {
            "fl_x": 730.1872,
            "fl_y": 730.1872,
            "cx": 500.1079,
            "cy": 369.05328,
            "w": 994,
            "h": 738,
            "file_path": "./images/frame_00004.jpg",
            "transform_matrix": [
                [
                    0.23355183,
                    0.8207705,
                    0.521334,
                    0.8423664
                ],
                [
                    -0.31264088,
                    0.5710793,
                    -0.75902826,
                    0.87879604
                ],
                [
                    -0.9207112,
                    0.0142821465,
                    0.38998306,
                    -0.26909164
                ],
                [
                    0.0,
                    0.0,
                    0.0,
                    1.0
                ]
            ]
        },
        {
            "fl_x": 730.5081,
            "fl_y": 730.5081,
            "cx": 499.91376,
            "cy": 369.27072,
            "w": 994,
            "h": 738,
            "file_path": "./images/frame_00005.jpg",
            "transform_matrix": [
                [
                    0.17092033,
                    0.79402226,
                    0.58336484,
                    0.9167802
                ],
                [
                    -0.3068106,
                    0.6055317,
                    -0.73430127,
                    0.90480363
                ],
                [
                    -0.9362977,
                    -0.053475484,
                    0.34711224,
                    -0.36476633
                ],
                [
                    0.0,
                    0.0,
                    0.0,
                    1.0
                ]
            ]
        },
        {
            "fl_x": 723.87726,
            "fl_y": 723.87726,
            "cx": 500.1793,
            "cy": 368.99268,
            "w": 994,
            "h": 738,
            "file_path": "./images/frame_00006.jpg",
            "transform_matrix": [
                [
                    0.17795685,
                    0.71614856,
                    0.6748794,
                    1.004838
                ],
                [
                    -0.21385576,
                    0.69758064,
                    -0.683847,
                    0.98636633
                ],
                [
                    -0.96051913,
                    -0.022631595,
                    0.2772918,
                    -0.33588105
                ],
                [
                    0.0,
                    0.0,
                    0.0,
                    1.0
                ]
            ]
        },
        {
            "fl_x": 723.6089,
            "fl_y": 723.6089,
            "cx": 500.2016,
            "cy": 369.03915,
            "w": 994,
            "h": 738,
            "file_path": "./images/frame_00007.jpg",
            "transform_matrix": [
                [
                    0.19974536,
                    0.6839383,
                    0.7016623,
                    1.0032587
                ],
                [
                    -0.22786772,
                    0.72888374,
                    -0.645604,
                    1.0065973
                ],
                [
                    -0.9529838,
                    -0.030929772,
                    0.3014387,
                    -0.33142024
                ],
                [
                    0.0,
                    0.0,
                    0.0,
                    1.0
                ]
            ]
        },
        {
            "fl_x": 723.0038,
            "fl_y": 723.0038,
            "cx": 500.20245,
            "cy": 369.17535,
            "w": 994,
            "h": 738,
            "file_path": "./images/frame_00008.jpg",
            "transform_matrix": [
                [
                    0.19591081,
                    0.6218167,
                    0.758263,
                    1.091554
                ],
                [
                    -0.2286681,
                    0.78089863,
                    -0.58129865,
                    1.1151016
                ],
                [
                    -0.9535879,
                    -0.059507865,
                    0.29517618,
                    -0.35001382
                ],
                [
                    0.0,
                    0.0,
                    0.0,
                    1.0
                ]
            ]
        },
        {
            "fl_x": 722.7449,
            "fl_y": 722.7449,
            "cx": 500.32219999999995,
            "cy": 369.09875,
            "w": 994,
            "h": 738,
            "file_path": "./images/frame_00009.jpg",
            "transform_matrix": [
                [
                    0.19748339,
                    0.6157321,
                    0.76280665,
                    1.1100969
                ],
                [
                    -0.21837145,
                    0.78621024,
                    -0.57808906,
                    1.1306789
                ],
                [
                    -0.9556747,
                    -0.05241221,
                    0.28972185,
                    -0.33753607
                ],
                [
                    0.0,
                    0.0,
                    0.0,
                    1.0
                ]
            ]
        },
        {
            "fl_x": 722.34625,
            "fl_y": 722.34625,
            "cx": 500.20889999999997,
            "cy": 368.93375,
            "w": 994,
            "h": 738,
            "file_path": "./images/frame_00010.jpg",
            "transform_matrix": [
                [
                    0.1957515,
                    0.48143598,
                    0.85434216,
                    1.1588607
                ],
                [
                    -0.18176924,
                    0.87391317,
                    -0.4508166,
                    1.2059877
                ],
                [
                    -0.96366036,
                    -0.06704512,
                    0.25858006,
                    -0.34759012
                ],
                [
                    0.0,
                    0.0,
                    0.0,
                    1.0
                ]
            ]
        },
        {
            "fl_x": 722.67175,
            "fl_y": 722.67175,
            "cx": 500.16187,
            "cy": 368.7777,
            "w": 994,
            "h": 738,
            "file_path": "./images/frame_00011.jpg",
            "transform_matrix": [
                [
                    0.19814572,
                    0.34683174,
                    0.9167583,
                    1.1514968
                ],
                [
                    -0.22745383,
                    0.92604184,
                    -0.30118266,
                    1.3088336
                ],
                [
                    -0.9534164,
                    -0.14884214,
                    0.26237947,
                    -0.4158601
                ],
                [
                    0.0,
                    0.0,
                    0.0,
                    1.0
                ]
            ]
        },
        {
            "fl_x": 723.2642,
            "fl_y": 723.2642,
            "cx": 500.41547,
            "cy": 368.63235,
            "w": 994,
            "h": 738,
            "file_path": "./images/frame_00012.jpg",
            "transform_matrix": [
                [
                    0.21610813,
                    0.18808141,
                    0.95808256,
                    1.17817
                ],
                [
                    -0.18564588,
                    0.97128487,
                    -0.1487983,
                    1.3698071
                ],
                [
                    -0.95855767,
                    -0.14570764,
                    0.24481915,
                    -0.41530567
                ],
                [
                    0.0,
                    0.0,
                    0.0,
                    1.0
                ]
            ]
        },
        {
            "fl_x": 723.26587,
            "fl_y": 723.26587,
            "cx": 500.3293,
            "cy": 368.72913,
            "w": 994,
            "h": 738,
            "file_path": "./images/frame_00013.jpg",
            "transform_matrix": [
                [
                    0.21442978,
                    0.13311677,
                    0.9676257,
                    1.2206578
                ],
                [
                    -0.15794897,
                    0.98235613,
                    -0.10014113,
                    1.4560767
                ],
                [
                    -0.96388376,
                    -0.13136227,
                    0.23167214,
                    -0.40389106
                ],
                [
                    0.0,
                    0.0,
                    0.0,
                    1.0
                ]
            ]
        },
        {
            "fl_x": 721.5426,
            "fl_y": 721.5426,
            "cx": 500.22406,
            "cy": 368.9152,
            "w": 994,
            "h": 738,
            "file_path": "./images/frame_00014.jpg",
            "transform_matrix": [
                [
                    0.27897197,
                    -0.018689794,
                    0.96011716,
                    1.1963077
                ],
                [
                    -0.07483464,
                    0.99634683,
                    0.04113898,
                    1.5978487
                ],
                [
                    -0.95737886,
                    -0.08332667,
                    0.27655426,
                    -0.39551088
                ],
                [
                    0.0,
                    0.0,
                    0.0,
                    1.0
                ]
            ]
        },
        {
            "fl_x": 721.217,
            "fl_y": 721.217,
            "cx": 500.38324,
            "cy": 368.8692,
            "w": 994,
            "h": 738,
            "file_path": "./images/frame_00015.jpg",
            "transform_matrix": [
                [
                    0.22634345,
                    -0.16077216,
                    0.9606876,
                    1.2199924
                ],
                [
                    -0.053621605,
                    0.9827318,
                    0.17709477,
                    1.7148901
                ],
                [
                    -0.9725704,
                    -0.09159788,
                    0.21381411,
                    -0.38144317
                ],
                [
                    0.0,
                    0.0,
                    0.0,
                    1.0
                ]
            ]
        },
        {
            "fl_x": 721.2234,
            "fl_y": 721.2234,
            "cx": 500.34826999999996,
            "cy": 368.9424,
            "w": 994,
            "h": 738,
            "file_path": "./images/frame_00016.jpg",
            "transform_matrix": [
                [
                    0.22283962,
                    -0.2599972,
                    0.9395443,
                    1.1776346
                ],
                [
                    -0.05048308,
                    0.9594076,
                    0.2774674,
                    1.8647758
                ],
                [
                    -0.97354704,
                    -0.10926186,
                    0.20066863,
                    -0.3998928
                ],
                [
                    0.0,
                    0.0,
                    0.0,
                    1.0
                ]
            ]
        },
        {
            "fl_x": 721.7999,
            "fl_y": 721.7999,
            "cx": 500.24850000000004,
            "cy": 368.67142,
            "w": 994,
            "h": 738,
            "file_path": "./images/frame_00017.jpg",
            "transform_matrix": [
                [
                    0.28951207,
                    -0.36357662,
                    0.88543457,
                    1.18382
                ],
                [
                    0.00044836843,
                    0.9251019,
                    0.37971818,
                    2.0018263
                ],
                [
                    -0.95717424,
                    -0.10953604,
                    0.26799127,
                    -0.44646272
                ],
                [
                    0.0,
                    0.0,
                    0.0,
                    1.0
                ]
            ]
        },
        {
            "fl_x": 721.5538,
            "fl_y": 721.5538,
            "cx": 500.36980000000005,
            "cy": 368.84073,
            "w": 994,
            "h": 738,
            "file_path": "./images/frame_00018.jpg",
            "transform_matrix": [
                [
                    0.32429254,
                    -0.4818513,
                    0.81403524,
                    1.1583487
                ],
                [
                    0.088553645,
                    0.8722265,
                    0.4810187,
                    2.0956936
                ],
                [
                    -0.9418028,
                    -0.08390499,
                    0.3255263,
                    -0.5074319
                ],
                [
                    0.0,
                    0.0,
                    0.0,
                    1.0
                ]
            ]
        },
        {
            "fl_x": 722.41455,
            "fl_y": 722.41455,
            "cx": 500.45966,
            "cy": 368.91824,
            "w": 994,
            "h": 738,
            "file_path": "./images/frame_00019.jpg",
            "transform_matrix": [
                [
                    0.22711484,
                    -0.5715958,
                    0.7884776,
                    1.004594
                ],
                [
                    0.10321747,
                    0.819203,
                    0.56413865,
                    2.1476462
                ],
                [
                    -0.9683828,
                    -0.04673963,
                    0.24505186,
                    -0.4493609
                ],
                [
                    0.0,
                    0.0,
                    0.0,
                    1.0
                ]
            ]
        },
        {
            "fl_x": 723.315,
            "fl_y": 723.315,
            "cx": 500.37829999999997,
            "cy": 369.02722,
            "w": 994,
            "h": 738,
            "file_path": "./images/frame_00020.jpg",
            "transform_matrix": [
                [
                    0.22407378,
                    -0.6607798,
                    0.71635246,
                    0.9656052
                ],
                [
                    0.13773042,
                    0.7491365,
                    0.6479387,
                    2.173912
                ],
                [
                    -0.9647908,
                    -0.046522573,
                    0.25887135,
                    -0.3551724
                ],
                [
                    0.0,
                    0.0,
                    0.0,
                    1.0
                ]
            ]
        },
        {
            "fl_x": 727.01086,
            "fl_y": 727.01086,
            "cx": 500.3274,
            "cy": 369.02197,
            "w": 994,
            "h": 738,
            "file_path": "./images/frame_00021.jpg",
            "transform_matrix": [
                [
                    0.24773459,
                    -0.7574625,
                    0.60405093,
                    0.8378511
                ],
                [
                    0.25239167,
                    0.65241563,
                    0.714599,
                    2.2100253
                ],
                [
                    -0.9353746,
                    -0.024573475,
                    0.35280326,
                    -0.34528214
                ],
                [
                    0.0,
                    0.0,
                    0.0,
                    1.0
                ]
            ]
        },
        {
            "fl_x": 729.29944,
            "fl_y": 729.29944,
            "cx": 500.14404,
            "cy": 369.13074,
            "w": 994,
            "h": 738,
            "file_path": "./images/frame_00022.jpg",
            "transform_matrix": [
                [
                    0.20928797,
                    -0.8132086,
                    0.5430378,
                    0.7881101
                ],
                [
                    0.20952003,
                    0.5797315,
                    0.78740865,
                    2.2683618
                ],
                [
                    -0.95514387,
                    -0.05101789,
                    0.2917144,
                    -0.37275633
                ],
                [
                    0.0,
                    0.0,
                    0.0,
                    1.0
                ]
            ]
        },
        {
            "fl_x": 728.1734,
            "fl_y": 728.1734,
            "cx": 500.23569999999995,
            "cy": 368.9508,
            "w": 994,
            "h": 738,
            "file_path": "./images/frame_00023.jpg",
            "transform_matrix": [
                [
                    0.24600616,
                    -0.8378336,
                    0.48735607,
                    0.76336
                ],
                [
                    0.15438998,
                    0.53026026,
                    0.8336592,
                    2.3521457
                ],
                [
                    -0.9568933,
                    -0.12984246,
                    0.25980037,
                    -0.43348205
                ],
                [
                    0.0,
                    0.0,
                    0.0,
                    1.0
                ]
            ]
        },
        {
            "fl_x": 726.4121,
            "fl_y": 726.4121,
            "cx": 500.16549999999995,
            "cy": 368.70428,
            "w": 994,
            "h": 738,
            "file_path": "./images/frame_00024.jpg",
            "transform_matrix": [
                [
                    0.28791612,
                    -0.85404116,
                    0.43326393,
                    0.69109493
                ],
                [
                    0.25362146,
                    0.50426763,
                    0.8254636,
                    2.3999958
                ],
                [
                    -0.9234611,
                    -0.12777929,
                    0.36179,
                    -0.51639134
                ],
                [
                    0.0,
                    0.0,
                    0.0,
                    1.0
                ]
            ]
        },
        {
            "fl_x": 726.2104,
            "fl_y": 726.2104,
            "cx": 500.06384,
            "cy": 368.88834,
            "w": 994,
            "h": 738,
            "file_path": "./images/frame_00025.jpg",
            "transform_matrix": [
                [
                    0.21186274,
                    -0.9150636,
                    0.34318015,
                    0.5580139
                ],
                [
                    0.31713557,
                    0.39652076,
                    0.86150795,
                    2.3674939
                ],
                [
                    -0.92441285,
                    -0.07368683,
                    0.37420723,
                    -0.44971946
                ],
                [
                    0.0,
                    0.0,
                    0.0,
                    1.0
                ]
            ]
        },
        {
            "fl_x": 724.44434,
            "fl_y": 724.44434,
            "cx": 500.26044,
            "cy": 368.94833,
            "w": 994,
            "h": 738,
            "file_path": "./images/frame_00026.jpg",
            "transform_matrix": [
                [
                    0.09027627,
                    -0.9777142,
                    0.1895384,
                    0.48743665
                ],
                [
                    0.37042004,
                    0.20962536,
                    0.90490097,
                    2.407502
                ],
                [
                    -0.9244669,
                    -0.011482264,
                    0.38108924,
                    -0.34070182
                ],
                [
                    0.0,
                    0.0,
                    0.0,
                    1.0
                ]
            ]
        },
        {
            "fl_x": 722.1461,
            "fl_y": 722.1461,
            "cx": 499.93976,
            "cy": 369.191,
            "w": 994,
            "h": 738,
            "file_path": "./images/frame_00027.jpg",
            "transform_matrix": [
                [
                    0.024245087,
                    -0.9978593,
                    0.06073618,
                    0.38224897
                ],
                [
                    0.51426625,
                    0.06454811,
                    0.85519797,
                    2.3985825
                ],
                [
                    -0.8572878,
                    0.010500216,
                    0.51473045,
                    -0.25569975
                ],
                [
                    0.0,
                    0.0,
                    0.0,
                    1.0
                ]
            ]
        },
        {
            "fl_x": 721.57916,
            "fl_y": 721.57916,
            "cx": 499.95719999999994,
            "cy": 369.14697,
            "w": 994,
            "h": 738,
            "file_path": "./images/frame_00028.jpg",
            "transform_matrix": [
                [
                    -0.07661496,
                    -0.9907211,
                    -0.11225727,
                    0.31595033
                ],
                [
                    0.520727,
                    -0.13577218,
                    0.8428578,
                    2.3849735
                ],
                [
                    -0.8502786,
                    0.006120136,
                    0.52629745,
                    -0.21433084
                ],
                [
                    0.0,
                    0.0,
                    0.0,
                    1.0
                ]
            ]
        },
        {
            "fl_x": 721.2504,
            "fl_y": 721.2504,
            "cx": 499.677,
            "cy": 369.40723,
            "w": 994,
            "h": 738,
            "file_path": "./images/frame_00029.jpg",
            "transform_matrix": [
                [
                    -0.26033792,
                    -0.948953,
                    -0.17807826,
                    0.23828486
                ],
                [
                    0.5980796,
                    -0.3032891,
                    0.741833,
                    2.3165736
                ],
                [
                    -0.7579741,
                    0.08662227,
                    0.6465073,
                    -0.1166292
                ],
                [
                    0.0,
                    0.0,
                    0.0,
                    1.0
                ]
            ]
        },
        {
            "fl_x": 721.5569,
            "fl_y": 721.5569,
            "cx": 499.14329999999995,
            "cy": 369.5777,
            "w": 994,
            "h": 738,
            "file_path": "./images/frame_00030.jpg",
            "transform_matrix": [
                [
                    -0.29337913,
                    -0.8980174,
                    -0.32786152,
                    0.10975141
                ],
                [
                    0.5170043,
                    -0.43751237,
                    0.7357235,
                    2.3311956
                ],
                [
                    -0.8041362,
                    0.046340123,
                    0.5926361,
                    -0.18797013
                ],
                [
                    0.0,
                    0.0,
                    0.0,
                    1.0
                ]
            ]
        },
        {
            "fl_x": 721.7729,
            "fl_y": 721.7729,
            "cx": 499.82349999999997,
            "cy": 368.85596,
            "w": 994,
            "h": 738,
            "file_path": "./images/frame_00031.jpg",
            "transform_matrix": [
                [
                    -0.1517999,
                    -0.88292325,
                    -0.44430062,
                    -0.003085877
                ],
                [
                    0.52071023,
                    -0.45351,
                    0.7233182,
                    2.3436937
                ],
                [
                    -0.84012944,
                    -0.121552326,
                    0.52859,
                    -0.09603986
                ],
                [
                    0.0,
                    0.0,
                    0.0,
                    1.0
                ]
            ]
        },
        {
            "fl_x": 721.6189,
            "fl_y": 721.6189,
            "cx": 499.82764,
            "cy": 368.85715,
            "w": 994,
            "h": 738,
            "file_path": "./images/frame_00032.jpg",
            "transform_matrix": [
                [
                    -0.18685018,
                    -0.874523,
                    -0.44754487,
                    -0.005228219
                ],
                [
                    0.5069006,
                    -0.47606415,
                    0.7186198,
                    2.3348093
                ],
                [
                    -0.84150976,
                    -0.09258652,
                    0.532249,
                    -0.10513639
                ],
                [
                    0.0,
                    0.0,
                    0.0,
                    1.0
                ]
            ]
        },
        {
            "fl_x": 722.6512,
            "fl_y": 722.6512,
            "cx": 499.71500000000003,
            "cy": 368.93924,
            "w": 994,
            "h": 738,
            "file_path": "./images/frame_00033.jpg",
            "transform_matrix": [
                [
                    -0.2505391,
                    -0.78710556,
                    -0.56364423,
                    -0.09348094
                ],
                [
                    0.47291076,
                    -0.6075254,
                    0.63817555,
                    2.2516904
                ],
                [
                    -0.84473985,
                    -0.10666549,
                    0.52443963,
                    -0.22764614
                ],
                [
                    0.0,
                    0.0,
                    0.0,
                    1.0
                ]
            ]
        },
        {
            "fl_x": 726.1023,
            "fl_y": 726.1023,
            "cx": 500.0444,
            "cy": 369.14938,
            "w": 994,
            "h": 738,
            "file_path": "./images/frame_00034.jpg",
            "transform_matrix": [
                [
                    -0.3360487,
                    -0.686648,
                    -0.64465904,
                    -0.14529443
                ],
                [
                    0.2669778,
                    -0.72583693,
                    0.6339426,
                    2.2053494
                ],
                [
                    -0.90321314,
                    0.040925935,
                    0.4272364,
                    -0.35104066
                ],
                [
                    0.0,
                    0.0,
                    0.0,
                    1.0
                ]
            ]
        },
        {
            "fl_x": 726.7472,
            "fl_y": 726.7472,
            "cx": 500.22736,
            "cy": 369.5317,
            "w": 994,
            "h": 738,
            "file_path": "./images/frame_00035.jpg",
            "transform_matrix": [
                [
                    -0.31745192,
                    -0.70960486,
                    -0.629035,
                    -0.30587614
                ],
                [
                    0.12752794,
                    -0.6892681,
                    0.713194,
                    2.236708
                ],
                [
                    -0.93965995,
                    0.14618535,
                    0.30930397,
                    -0.31022626
                ],
                [
                    0.0,
                    0.0,
                    0.0,
                    1.0
                ]
            ]
        },
        {
            "fl_x": 727.3221,
            "fl_y": 727.3221,
            "cx": 500.30035,
            "cy": 369.7396,
            "w": 994,
            "h": 738,
            "file_path": "./images/frame_00036.jpg",
            "transform_matrix": [
                [
                    -0.33875465,
                    -0.6429505,
                    -0.68692034,
                    -0.39525104
                ],
                [
                    0.16870573,
                    -0.7597622,
                    0.62793255,
                    2.2180443
                ],
                [
                    -0.92562604,
                    0.096827686,
                    0.36584255,
                    -0.2433491
                ],
                [
                    0.0,
                    0.0,
                    0.0,
                    1.0
                ]
            ]
        },
        {
            "fl_x": 725.30676,
            "fl_y": 725.30676,
            "cx": 500.01842999999997,
            "cy": 369.58157,
            "w": 994,
            "h": 738,
            "file_path": "./images/frame_00037.jpg",
            "transform_matrix": [
                [
                    -0.30689397,
                    -0.6045271,
                    -0.73509365,
                    -0.47502154
                ],
                [
                    0.22067745,
                    -0.79651463,
                    0.56290805,
                    2.181788
                ],
                [
                    -0.92580634,
                    0.010534487,
                    0.3778511,
                    -0.14279829
                ],
                [
                    0.0,
                    0.0,
                    0.0,
                    1.0
                ]
            ]
        },
        {
            "fl_x": 723.82965,
            "fl_y": 723.82965,
            "cx": 500.217,
            "cy": 369.1665,
            "w": 994,
            "h": 738,
            "file_path": "./images/frame_00038.jpg",
            "transform_matrix": [
                [
                    -0.32666206,
                    -0.5151945,
                    -0.7923801,
                    -0.5658418
                ],
                [
                    0.26145792,
                    -0.85491335,
                    0.4480655,
                    2.1274564
                ],
                [
                    -0.9082574,
                    -0.060808104,
                    0.4139695,
                    -0.089297205
                ],
                [
                    0.0,
                    0.0,
                    0.0,
                    1.0
                ]
            ]
        },
        {
            "fl_x": 721.5887,
            "fl_y": 721.5887,
            "cx": 500.17179999999996,
            "cy": 368.8218,
            "w": 994,
            "h": 738,
            "file_path": "./images/frame_00039.jpg",
            "transform_matrix": [
                [
                    -0.34933436,
                    -0.3948892,
                    -0.84972215,
                    -0.5602264
                ],
                [
                    0.25562525,
                    -0.9126207,
                    0.31902826,
                    1.9534526
                ],
                [
                    -0.9014551,
                    -0.10576292,
                    0.41975346,
                    -0.13733262
                ],
                [
                    0.0,
                    0.0,
                    0.0,
                    1.0
                ]
            ]
        },
        {
            "fl_x": 721.52356,
            "fl_y": 721.52356,
            "cx": 500.02329999999995,
            "cy": 368.87823,
            "w": 994,
            "h": 738,
            "file_path": "./images/frame_00040.jpg",
            "transform_matrix": [
                [
                    -0.48495117,
                    -0.2878628,
                    -0.8258069,
                    -0.55496216
                ],
                [
                    0.2290262,
                    -0.95312244,
                    0.19774841,
                    1.9088844
                ],
                [
                    -0.8440197,
                    -0.09323311,
                    0.528146,
                    -0.12803525
                ],
                [
                    0.0,
                    0.0,
                    0.0,
                    1.0
                ]
            ]
        },
        {
            "fl_x": 722.3415,
            "fl_y": 722.3415,
            "cx": 499.77264,
            "cy": 369.04303,
            "w": 994,
            "h": 738,
            "file_path": "./images/frame_00041.jpg",
            "transform_matrix": [
                [
                    -0.45754853,
                    -0.122995704,
                    -0.8806367,
                    -0.5126914
                ],
                [
                    0.063226625,
                    -0.99238026,
                    0.105752215,
                    1.7571224
                ],
                [
                    -0.88693374,
                    -0.0072929193,
                    0.46183887,
                    -0.1722783
                ],
                [
                    0.0,
                    0.0,
                    0.0,
                    1.0
                ]
            ]
        },
        {
            "fl_x": 723.2928,
            "fl_y": 723.2928,
            "cx": 499.8207,
            "cy": 368.59344,
            "w": 994,
            "h": 738,
            "file_path": "./images/frame_00042.jpg",
            "transform_matrix": [
                [
                    -0.59770036,
                    -0.049698263,
                    -0.8001775,
                    -0.5057126
                ],
                [
                    0.19507016,
                    -0.977097,
                    -0.08502293,
                    1.750177
                ],
                [
                    -0.77762574,
                    -0.20690906,
                    0.59370595,
                    -0.29029575
                ],
                [
                    0.0,
                    0.0,
                    0.0,
                    1.0
                ]
            ]
        },
        {
            "fl_x": 722.6544,
            "fl_y": 722.6544,
            "cx": 499.61469999999997,
            "cy": 368.50714,
            "w": 994,
            "h": 738,
            "file_path": "./images/frame_00043.jpg",
            "transform_matrix": [
                [
                    -0.4564737,
                    0.037588686,
                    -0.88894236,
                    -0.50301
                ],
                [
                    0.12605596,
                    -0.98629665,
                    -0.10643524,
                    1.7609153
                ],
                [
                    -0.8807619,
                    -0.16064139,
                    0.4454803,
                    -0.4360571
                ],
                [
                    0.0,
                    0.0,
                    0.0,
                    1.0
                ]
            ]
        },
        {
            "fl_x": 722.3987,
            "fl_y": 722.3987,
            "cx": 499.72720000000004,
            "cy": 368.507,
            "w": 994,
            "h": 738,
            "file_path": "./images/frame_00044.jpg",
            "transform_matrix": [
                [
                    -0.29431963,
                    0.055477433,
                    -0.95409524,
                    -0.5099429
                ],
                [
                    0.08495424,
                    -0.9928428,
