{
    "camera_model": "OPENCV",
    "orientation_override": "none",
    "frames": [
        {
            "fl_x": 722.6496,
            "fl_y": 722.6496,
            "cx": 500.42780000000005,
            "cy": 369.17462,
            "w": 994,
            "h": 738,
            "file_path": "./images/frame_00001.jpg",
            "transform_matrix": [
                [
                    -0.10270986,
                    0.9761469,
                    -0.19127984,
                    -0.1332207
                ],
                [
                    -0.27572954,
                    -0.21270075,
                    -0.9374069,
                    0.07538202
                ],
                [
                    -0.95573217,
                    -0.04353942,
                    0.29099903,
                    -0.33696407
                ],
                [
                    0.0,
                    0.0,
                    0.0,
                    1.0
                ]
            ]
        },
        {
            "fl_x": 722.4066,
            "fl_y": 722.4066,
            "cx": 500.15430000000003,
            "cy": 368.99307,
            "w": 994,
            "h": 738,
            "file_path": "./images/frame_00002.jpg",
            "transform_matrix": [
                [
                    -0.04604608,
                    0.99790215,
                    -0.045505233,
                    -0.103479326
                ],
                [
                    -0.27362686,
                    -0.05641101,
                    -0.9601801,
                    0.03630058
                ],
                [
                    -0.9607331,
                    -0.031761084,
                    0.27565035,
                    -0.44077975
                ],
                [
                    0.0,
                    0.0,
                    0.0,
                    1.0
                ]
            ]
        },
        {
            "fl_x": 722.6766,
            "fl_y": 722.6766,
            "cx": 500.23706000000004,
            "cy": 369.0009,
            "w": 994,
            "h": 738,
            "file_path": "./images/frame_00003.jpg",
            "transform_matrix": [
                [
                    -0.05454313,
                    0.996335,
                    0.065888725,
                    -0.09943193
                ],
                [
                    -0.18049422,
                    0.055062026,
                    -0.9820335,
                    0.025866177
                ],
                [
                    -0.9820625,
                    -0.065455735,
                    0.17682947,
                    -0.56264704
                ],
                [
                    0.0,
                    0.0,
                    0.0,
                    1.0
                ]
            ]
        },
        {
            "fl_x": 722.9689,
            "fl_y": 722.9689,
            "cx": 500.55100000000004,
            "cy": 368.9374,
            "w": 994,
            "h": 738,
            "file_path": "./images/frame_00004.jpg",
            "transform_matrix": [
                [
                    -0.027380235,
                    0.99831194,
                    0.051217873,
                    -0.0981332
                ],
                [
                    -0.20838243,
                    0.044411242,
                    -0.97703844,
                    0.013739848
                ],
                [
                    -0.9776641,
                    -0.037424456,
                    0.2068147,
                    -0.62482226
                ],
                [
                    0.0,
                    0.0,
                    0.0,
                    1.0
                ]
            ]
        },
        {
            "fl_x": 723.0149,
            "fl_y": 723.0149,
            "cx": 500.91045999999994,
            "cy": 369.008,
            "w": 994,
            "h": 738,
            "file_path": "./images/frame_00005.jpg",
            "transform_matrix": [
                [
                    -0.0011694855,
                    0.99707925,
                    -0.07636321,
                    -0.15010321
                ],
                [
                    -0.15502162,
                    -0.07562088,
                    -0.9850125,
                    0.0447158
                ],
                [
                    -0.9879104,
                    0.010685994,
                    0.1546573,
                    -0.48997754
                ],
                [
                    0.0,
                    0.0,
                    0.0,
                    1.0
                ]
            ]
        },
        {
            "fl_x": 722.8545,
            "fl_y": 722.8545,
            "cx": 500.61554,
            "cy": 369.1646,
            "w": 994,
            "h": 738,
            "file_path": "./images/frame_00006.jpg",
            "transform_matrix": [
                [
                    0.04419416,
                    0.9898494,
                    -0.13507356,
                    -0.19906788
                ],
                [
                    -0.11405872,
                    -0.12932225,
                    -0.9850208,
                    0.06075721
                ],
                [
                    -0.99249053,
                    0.058938492,
                    0.10718568,
                    -0.36327642
                ],
                [
                    0.0,
                    0.0,
                    0.0,
                    1.0
                ]
            ]
        },
        {
            "fl_x": 722.4097,
            "fl_y": 722.4097,
            "cx": 500.53467,
            "cy": 369.44638,
            "w": 994,
            "h": 738,
            "file_path": "./images/frame_00007.jpg",
            "transform_matrix": [
                [
                    0.004027451,
                    0.9528339,
                    -0.30346528,
                    -0.26811913
                ],
                [
                    -0.1431824,
                    -0.2997914,
                    -0.9431987,
                    0.21272394
                ],
                [
                    -0.98968804,
                    0.04724958,
                    0.13522168,
                    -0.22513127
                ],
                [
                    0.0,
                    0.0,
                    0.0,
                    1.0
                ]
            ]
        },
        {
            "fl_x": 723.28174,
            "fl_y": 723.28174,
            "cx": 500.56719999999996,
            "cy": 369.3308,
            "w": 994,
            "h": 738,
            "file_path": "./images/frame_00008.jpg",
            "transform_matrix": [
                [
                    -0.010163419,
                    0.90295476,
                    -0.42961514,
                    -0.32626906
                ],
                [
                    -0.22792192,
                    -0.42041972,
                    -0.87823606,
                    0.30792847
                ],
                [
                    -0.9736263,
                    0.08899284,
                    0.21007611,
                    -0.13550098
                ],
                [
                    0.0,
                    0.0,
                    0.0,
                    1.0
                ]
            ]
        },
        {
            "fl_x": 723.54535,
            "fl_y": 723.54535,
            "cx": 500.59015,
            "cy": 369.37646,
            "w": 994,
            "h": 738,
            "file_path": "./images/frame_00009.jpg",
            "transform_matrix": [
                [
                    -0.037356265,
                    0.8334578,
                    -0.5513186,
                    -0.3815497
                ],
                [
                    -0.23284286,
                    -0.5437779,
                    -0.80628127,
                    0.35037214
                ],
                [
                    -0.97179663,
                    0.09825095,
                    0.21437825,
                    -0.07225988
                ],
                [
                    0.0,
                    0.0,
                    0.0,
                    1.0
                ]
            ]
        },
        {
            "fl_x": 723.28485,
            "fl_y": 723.28485,
            "cx": 500.49426000000005,
            "cy": 369.41504,
            "w": 994,
            "h": 738,
            "file_path": "./images/frame_00010.jpg",
            "transform_matrix": [
                [
                    -0.12420015,
                    0.7775508,
                    -0.61643225,
                    -0.46117252
                ],
                [
                    -0.2167342,
                    -0.62750006,
                    -0.7478434,
                    0.3837865
                ],
                [
                    -0.9682978,
                    0.040719718,
                    0.24645752,
                    -0.02330477
                ],
                [
                    0.0,
                    0.0,
                    0.0,
                    1.0
                ]
            ]
        },
        {
            "fl_x": 723.2928,
            "fl_y": 723.2928,
            "cx": 500.4637,
            "cy": 369.3664,
            "w": 994,
            "h": 738,
            "file_path": "./images/frame_00011.jpg",
            "transform_matrix": [
                [
                    -0.15741608,
                    0.7701494,
                    -0.6181341,
                    -0.56141037
                ],
                [
                    -0.31689405,
                    -0.63222957,
                    -0.7070103,
                    0.4393298
                ],
                [
                    -0.9353065,
                    0.08458822,
                    0.34357896,
                    0.033405565
                ],
                [
                    0.0,
                    0.0,
                    0.0,
                    1.0
                ]
            ]
        },
        {
            "fl_x": 723.8106,
            "fl_y": 723.8106,
            "cx": 500.35735999999997,
            "cy": 369.59592,
            "w": 994,
            "h": 738,
            "file_path": "./images/frame_00012.jpg",
            "transform_matrix": [
                [
                    -0.29340076,
                    0.66840714,
                    -0.683482,
                    -0.5821737
                ],
                [
                    -0.39891797,
                    -0.73532844,
                    -0.5478651,
                    0.56171215
                ],
                [
                    -0.868781,
                    0.111909226,
                    0.48238564,
                    0.09427238
                ],
                [
                    0.0,
                    0.0,
                    0.0,
                    1.0
                ]
            ]
        },
        {
            "fl_x": 724.43475,
            "fl_y": 724.43475,
            "cx": 500.1698,
            "cy": 369.51785,
            "w": 994,
            "h": 738,
            "file_path": "./images/frame_00013.jpg",
            "transform_matrix": [
                [
                    -0.28653803,
                    0.6207618,
                    -0.7297606,
                    -0.58128977
                ],
                [
                    -0.37262985,
                    -0.7739351,
                    -0.5120265,
                    0.6616201
                ],
                [
                    -0.88263404,
                    0.12521555,
                    0.4530763,
                    0.16601269
                ],
                [
                    0.0,
                    0.0,
                    0.0,
                    1.0
                ]
            ]
        },
        {
            "fl_x": 724.9461,
            "fl_y": 724.9461,
            "cx": 499.9827,
            "cy": 369.4582,
            "w": 994,
            "h": 738,
            "file_path": "./images/frame_00014.jpg",
            "transform_matrix": [
                [
                    -0.28873053,
                    0.5284897,
                    -0.7983314,
                    -0.62457865
                ],
                [
                    -0.24726407,
                    -0.84671783,
                    -0.47109368,
                    0.72807944
                ],
                [
                    -0.92492974,
                    0.06137953,
                    0.37514988,
                    0.090209335
                ],
                [
                    0.0,
                    0.0,
                    0.0,
                    1.0
                ]
            ]
        },
        {
            "fl_x": 725.2813,
            "fl_y": 725.2813,
            "cx": 500.2259,
            "cy": 369.29822,
            "w": 994,
            "h": 738,
            "file_path": "./images/frame_00015.jpg",
            "transform_matrix": [
                [
                    -0.3245052,
                    0.39158523,
                    -0.8610209,
                    -0.67436236
                ],
                [
                    -0.13398491,
                    -0.9201329,
                    -0.36797205,
                    0.77370965
                ],
                [
                    -0.93634623,
                    -0.004045032,
                    0.3510545,
                    0.014097755
                ],
                [
                    0.0,
                    0.0,
                    0.0,
                    1.0
                ]
            ]
        },
        {
            "fl_x": 725.5846,
            "fl_y": 725.5846,
            "cx": 500.4701,
            "cy": 369.19827,
            "w": 994,
            "h": 738,
            "file_path": "./images/frame_00016.jpg",
            "transform_matrix": [
                [
                    -0.2817274,
                    0.31274396,
                    -0.90709454,
                    -0.72585535
                ],
                [
                    -0.13457581,
                    -0.9489225,
                    -0.28536838,
                    0.83259356
                ],
                [
                    -0.95000994,
                    0.0416769,
                    0.3094253,
                    -0.06648155
                ],
                [
                    0.0,
                    0.0,
                    0.0,
                    1.0
                ]
            ]
        },
        {
            "fl_x": 726.8012,
            "fl_y": 726.8012,
            "cx": 500.46040000000005,
            "cy": 369.1964,
            "w": 994,
            "h": 738,
            "file_path": "./images/frame_00017.jpg",
            "transform_matrix": [
                [
                    -0.26751006,
                    0.2780276,
                    -0.9225718,
                    -0.6610551
                ],
                [
                    -0.05728646,
                    -0.960362,
                    -0.27280527,
                    0.8406599
                ],
                [
                    -0.9618506,
                    -0.020127282,
                    0.27283373,
                    -0.20830789
                ],
                [
                    0.0,
                    0.0,
                    0.0,
                    1.0
                ]
            ]
        },
        {
            "fl_x": 728.1988,
            "fl_y": 728.1988,
            "cx": 500.45889999999997,
            "cy": 368.98538,
            "w": 994,
            "h": 738,
            "file_path": "./images/frame_00018.jpg",
            "transform_matrix": [
                [
                    -0.2628288,
                    0.27800405,
                    -0.9239233,
                    -0.67904156
                ],
                [
                    -0.04531793,
                    -0.96009,
                    -0.27599487,
                    0.8690539
                ],
                [
                    -0.9637776,
                    -0.030669099,
                    0.2649379,
                    -0.27044168
                ],
                [
                    0.0,
                    0.0,
                    0.0,
                    1.0
                ]
            ]
        },
        {
            "fl_x": 729.031,
            "fl_y": 729.031,
            "cx": 500.54125999999997,
            "cy": 368.99808,
            "w": 994,
            "h": 738,
            "file_path": "./images/frame_00019.jpg",
            "transform_matrix": [
                [
                    -0.30324876,
                    0.19627339,
                    -0.93247885,
                    -0.7231192
                ],
                [
                    -0.02660941,
                    -0.97992027,
                    -0.19760554,
                    0.90527093
                ],
                [
                    -0.9525398,
                    -0.03511093,
                    0.30238238,
                    -0.30768433
                ],
                [
                    0.0,
                    0.0,
                    0.0,
                    1.0
                ]
            ]
        },
        {
            "fl_x": 729.3313,
            "fl_y": 729.3313,
            "cx": 500.53345,
            "cy": 369.0208,
            "w": 994,
            "h": 738,
            "file_path": "./images/frame_00020.jpg",
            "transform_matrix": [
                [
                    -0.27240166,
                    0.16270392,
                    -0.9483271,
                    -0.7692985
                ],
                [
                    -0.042969223,
                    -0.98667276,
                    -0.15694018,
                    0.9416516
                ],
                [
                    -0.96122366,
                    -0.0020018765,
                    0.27576262,
                    -0.34482104
                ],
                [
                    0.0,
                    0.0,
                    0.0,
                    1.0
                ]
            ]
        },
        {
            "fl_x": 729.3153,
            "fl_y": 729.3153,
            "cx": 500.3826,
            "cy": 369.19385,
            "w": 994,
            "h": 738,
            "file_path": "./images/frame_00021.jpg",
            "transform_matrix": [
                [
                    -0.28515175,
                    0.1565576,
                    -0.94560987,
                    -0.7777948
                ],
                [
                    -0.03417945,
                    -0.9876033,
                    -0.15320325,
                    0.95055467
                ],
                [
                    -0.95787275,
                    -0.011365748,
                    0.28696787,
                    -0.41453117
                ],
                [
                    0.0,
                    0.0,
                    0.0,
                    1.0
                ]
            ]
        },
        {
            "fl_x": 729.0199,
            "fl_y": 729.0199,
            "cx": 500.3201,
            "cy": 369.24295,
            "w": 994,
            "h": 738,
            "file_path": "./images/frame_00022.jpg",
            "transform_matrix": [
                [
                    -0.3019473,
                    0.17767283,
                    -0.9366216,
                    -0.7843163
                ],
                [
                    -0.04761098,
                    -0.9840637,
                    -0.17132358,
                    0.95575666
                ],
                [
                    -0.952135,
                    -0.007137225,
                    0.3055946,
                    -0.4901861
                ],
                [
                    0.0,
                    0.0,
                    0.0,
                    1.0
                ]
            ]
        },
        {
            "fl_x": 728.7754,
            "fl_y": 728.7754,
            "cx": 500.44629999999995,
            "cy": 369.13828,
            "w": 994,
            "h": 738,
            "file_path": "./images/frame_00023.jpg",
            "transform_matrix": [
                [
                    -0.28600988,
                    0.1748594,
                    -0.94213706,
                    -0.79712754
                ],
                [
                    -0.019257693,
                    -0.98405933,
                    -0.17679396,
                    0.9652105
                ],
                [
                    -0.9580331,
                    -0.032421436,
                    0.2848181,
                    -0.55656904
                ],
                [
                    0.0,
                    0.0,
                    0.0,
                    1.0
                ]
            ]
        },
        {
            "fl_x": 728.4608,
            "fl_y": 728.4608,
            "cx": 500.50806,
            "cy": 369.0791,
            "w": 994,
            "h": 738,
            "file_path": "./images/frame_00024.jpg",
            "transform_matrix": [
                [
                    -0.27782616,
                    0.18884028,
                    -0.9418874,
                    -0.81415886
                ],
                [
                    -0.03342107,
                    -0.9817944,
                    -0.18698317,
                    0.9791546
                ],
                [
                    -0.96004987,
                    -0.020469932,
                    0.2790794,
                    -0.6170251
                ],
                [
                    0.0,
                    0.0,
                    0.0,
                    1.0
                ]
            ]
        },
        {
            "fl_x": 728.1861,
            "fl_y": 728.1861,
            "cx": 500.5,
            "cy": 369.09943,
            "w": 994,
            "h": 738,
            "file_path": "./images/frame_00025.jpg",
            "transform_matrix": [
                [
                    -0.2535784,
                    0.18883616,
                    -0.94870377,
                    -0.84237945
                ],
                [
                    -0.037391268,
                    -0.9819406,
                    -0.18545756,
                    0.9930084
                ],
                [
                    -0.96659195,
                    -0.011554795,
                    0.25605974,
                    -0.71310383
                ],
                [
                    0.0,
                    0.0,
                    0.0,
                    1.0
                ]
            ]
        },
        {
            "fl_x": 727.89075,
            "fl_y": 727.89075,
            "cx": 500.5457,
            "cy": 369.10034,
            "w": 994,
            "h": 738,
            "file_path": "./images/frame_00026.jpg",
            "transform_matrix": [
                [
                    -0.23465843,
                    0.19384152,
                    -0.9525548,
                    -0.8576707
                ],
                [
                    -0.037456248,
                    -0.98099136,
                    -0.19040106,
                    0.99822515
                ],
                [
                    -0.971356,
                    -0.009000093,
                    0.23745853,
                    -0.74963313
                ],
                [
                    0.0,
                    0.0,
                    0.0,
                    1.0
                ]
            ]
        },
        {
            "fl_x": 727.02356,
            "fl_y": 727.02356,
            "cx": 500.56134,
            "cy": 369.16168,
            "w": 994,
            "h": 738,
            "file_path": "./images/frame_00027.jpg",
            "transform_matrix": [
                [
                    -0.11579609,
                    0.21776503,
                    -0.96910745,
                    -0.8899727
                ],
                [
                    -0.010601063,
                    -0.9758862,
                    -0.21802156,
                    1.0098455
                ],
                [
                    -0.9932164,
                    -0.014972479,
                    0.11531238,
                    -0.82794106
                ],
                [
                    0.0,
                    0.0,
                    0.0,
                    1.0
                ]
            ]
        },
        {
            "fl_x": 725.5608,
            "fl_y": 725.5608,
            "cx": 500.89480000000003,
            "cy": 369.07687,
            "w": 994,
            "h": 738,
            "file_path": "./images/frame_00028.jpg",
            "transform_matrix": [
                [
                    -0.080569014,
                    0.25130183,
                    -0.9645496,
                    -0.92942256
                ],
                [
                    0.033203952,
                    -0.9664818,
                    -0.25457874,
                    1.0500355
                ],
                [
                    -0.99619585,
                    -0.05253802,
                    0.06952428,
                    -0.7825396
                ],
                [
                    0.0,
                    0.0,
                    0.0,
                    1.0
                ]
            ]
        },
        {
            "fl_x": 725.23364,
            "fl_y": 725.23364,
            "cx": 500.9519,
            "cy": 368.97122,
            "w": 994,
            "h": 738,
            "file_path": "./images/frame_00029.jpg",
            "transform_matrix": [
                [
                    -0.05101861,
                    0.28645197,
                    -0.9567352,
                    -0.92364734
                ],
                [
                    0.06540381,
                    -0.954968,
                    -0.28941053,
                    1.0913326
                ],
                [
                    -0.99655384,
                    -0.077339455,
                    0.029986093,
                    -0.7025162
                ],
                [
                    0.0,
                    0.0,
                    0.0,
                    1.0
                ]
            ]
        },
        {
            "fl_x": 724.1426,
            "fl_y": 724.1426,
            "cx": 500.5652,
            "cy": 368.82642,
            "w": 994,
            "h": 738,
            "file_path": "./images/frame_00030.jpg",
            "transform_matrix": [
                [
                    -0.0062235026,
                    0.25432667,
                    -0.96709824,
                    -0.8984418
                ],
                [
                    0.06388752,
                    -0.96504,
                    -0.25419652,
                    1.1939608
                ],
                [
                    -0.9979377,
                    -0.06336751,
                    -0.010242374,
                    -0.6108536
                ],
                [
                    0.0,
                    0.0,
                    0.0,
                    1.0
                ]
            ]
        },
        {
            "fl_x": 722.6941,
            "fl_y": 722.6941,
            "cx": 500.67426,
            "cy": 369.17,
            "w": 994,
            "h": 738,
            "file_path": "./images/frame_00031.jpg",
            "transform_matrix": [
                [
                    -0.07293328,
                    0.13686131,
                    -0.9879016,
                    -0.84856653
                ],
                [
                    0.013465844,
                    -0.9903142,
                    -0.13818966,
                    1.3052788
                ],
                [
                    -0.99724597,
                    -0.023381557,
                    0.07038391,
                    -0.45089254
                ],
                [
                    0.0,
                    0.0,
                    0.0,
                    1.0
                ]
            ]
        },
        {
            "fl_x": 725.63226,
            "fl_y": 725.63226,
            "cx": 500.7671,
            "cy": 369.2303,
            "w": 994,
            "h": 738,
            "file_path": "./images/frame_00032.jpg",
            "transform_matrix": [
                [
                    -0.08040647,
                    -0.10275822,
                    -0.9914511,
                    -0.68343556
                ],
                [
                    -0.00015669732,
                    -0.99467045,
                    0.10310459,
                    1.3613428
                ],
                [
                    -0.99676216,
                    0.008445636,
                    0.07996185,
                    -0.3828984
                ],
                [
                    0.0,
                    0.0,
                    0.0,
                    1.0
                ]
            ]
        },
        {
            "fl_x": 730.2159,
            "fl_y": 730.2159,
            "cx": 500.64239999999995,
            "cy": 369.1483,
            "w": 994,
            "h": 738,
            "file_path": "./images/frame_00033.jpg",
            "transform_matrix": [
                [
                    -0.09683282,
                    -0.2329263,
                    -0.9676614,
                    -0.64121616
                ],
                [
                    0.014352508,
                    -0.97245586,
                    0.23264416,
                    1.37178
                ],
                [
                    -0.9951972,
                    0.008639226,
                    0.09750874,
                    -0.271104
                ],
                [
                    0.0,
                    0.0,
                    0.0,
                    1.0
                ]
            ]
        },
        {
            "fl_x": 730.23175,
            "fl_y": 730.23175,
            "cx": 500.59130000000005,
            "cy": 369.10144,
            "w": 994,
            "h": 738,
            "file_path": "./images/frame_00034.jpg",
            "transform_matrix": [
                [
                    -0.07855635,
                    -0.26813388,
                    -0.96017325,
                    -0.6327832
                ],
                [
                    -0.018930662,
                    -0.9625749,
                    0.27035332,
                    1.3895885
                ],
                [
                    -0.9967299,
                    0.039414696,
                    0.07054044,
                    -0.23834243
                ],
                [
                    0.0,
                    0.0,
                    0.0,
                    1.0
                ]
            ]
        },
        {
            "fl_x": 728.60065,
            "fl_y": 728.60065,
            "cx": 500.6775,
            "cy": 369.15466,
            "w": 994,
            "h": 738,
            "file_path": "./images/frame_00035.jpg",
            "transform_matrix": [
                [
                    -0.053308338,
                    -0.34968048,
                    -0.935351,
                    -0.619415
                ],
                [
                    -0.034447964,
                    -0.93548137,
                    0.35169253,
                    1.436582
                ],
                [
                    -0.99798375,
                    0.050969087,
                    0.03782319,
                    -0.16664769
                ],
                [
                    0.0,
                    0.0,
                    0.0,
                    1.0
                ]
            ]
        },
        {
            "fl_x": 727.50323,
            "fl_y": 727.50323,
            "cx": 500.67139999999995,
            "cy": 369.30356,
            "w": 994,
            "h": 738,
            "file_path": "./images/frame_00036.jpg",
            "transform_matrix": [
                [
                    -0.058380798,
                    -0.39242318,
                    -0.91792995,
                    -0.6088458
                ],
                [
                    -0.0006062398,
                    -0.91948414,
                    0.39312613,
                    1.4835675
                ],
                [
                    -0.9982941,
                    0.02350751,
                    0.053442325,
                    -0.1039942
                ],
                [
                    0.0,
                    0.0,
                    0.0,
                    1.0
                ]
            ]
        },
        {
            "fl_x": 725.56714,
            "fl_y": 725.56714,
            "cx": 500.6156,
            "cy": 369.53073,
            "w": 994,
            "h": 738,
            "file_path": "./images/frame_00037.jpg",
            "transform_matrix": [
                [
                    -0.22532156,
                    -0.49549347,
                    -0.83887786,
                    -0.59069204
                ],
                [
                    0.07764922,
                    -0.86741346,
                    0.49149185,
                    1.5200636
                ],
                [
                    -0.9711852,
                    0.045605514,
                    0.23392169,
                    0.021245856
                ],
                [
                    0.0,
                    0.0,
                    0.0,
                    1.0
                ]
            ]
        },
        {
            "fl_x": 725.8626,
            "fl_y": 725.8626,
            "cx": 500.5784,
            "cy": 369.44675,
            "w": 994,
            "h": 738,
            "file_path": "./images/frame_00038.jpg",
            "transform_matrix": [
                [
                    -0.18490712,
                    -0.5105781,
                    -0.83971375,
                    -0.5718439
                ],
                [
                    0.10707279,
                    -0.85982794,
                    0.49923062,
                    1.502095
                ],
                [
                    -0.97690576,
                    0.0024008085,
                    0.21365735,
                    0.056377985
                ],
                [
                    0.0,
                    0.0,
                    0.0,
                    1.0
                ]
            ]
        },
        {
            "fl_x": 726.9711,
            "fl_y": 726.9711,
            "cx": 500.5232,
            "cy": 368.9761,
            "w": 994,
            "h": 738,
            "file_path": "./images/frame_00039.jpg",
            "transform_matrix": [
                [
                    -0.273703,
                    -0.5090182,
                    -0.8160802,
                    -0.45289093
                ],
                [
                    0.15573473,
                    -0.8607376,
                    0.48464116,
                    1.4939605
                ],
                [
                    -0.94912237,
                    0.0055557135,
                    0.31485838,
                    0.13284688
                ],
                [
                    0.0,
                    0.0,
                    0.0,
                    1.0
                ]
            ]
        },
        {
            "fl_x": 724.94775,
            "fl_y": 724.94775,
            "cx": 500.35095,
            "cy": 369.25632,
            "w": 994,
            "h": 738,
            "file_path": "./images/frame_00040.jpg",
            "transform_matrix": [
                [
                    -0.32053265,
                    -0.61533684,
                    -0.72015226,
                    -0.37839067
                ],
                [
                    0.20155703,
                    -0.78716135,
                    0.58288205,
                    1.5809268
                ],
                [
                    -0.925545,
                    0.041680988,
                    0.37633646,
                    0.19814727
                ],
                [
                    0.0,
                    0.0,
                    0.0,
                    1.0
                ]
            ]
        },
        {
            "fl_x": 728.41327,
            "fl_y": 728.41327,
            "cx": 500.3578,
            "cy": 369.20096,
            "w": 994,
            "h": 738,
            "file_path": "./images/frame_00041.jpg",
            "transform_matrix": [
                [
                    -0.27470055,
                    -0.7725309,
                    -0.5724819,
                    -0.27031642
                ],
                [
                    0.2706151,
                    -0.63343567,
                    0.7249321,
                    1.5430946
                ],
                [
                    -0.92266303,
                    0.044217054,
                    0.38306367,
                    0.20890976
                ],
                [
                    0.0,
                    0.0,
                    0.0,
                    1.0
                ]
            ]
        },
        {
            "fl_x": 728.3751,
            "fl_y": 728.3751,
            "cx": 500.4134,
            "cy": 369.16632,
            "w": 994,
            "h": 738,
            "file_path": "./images/frame_00042.jpg",
            "transform_matrix": [
                [
                    -0.33385745,
                    -0.81238174,
                    -0.4780952,
                    -0.23857345
                ],
                [
                    0.28460798,
                    -0.5703996,
                    0.77048194,
                    1.5898794
                ],
                [
                    -0.89863086,
                    0.12116144,
                    0.4216425,
                    0.24268068
                ],
                [
                    0.0,
                    0.0,
                    0.0,
                    1.0
                ]
            ]
        },
        {
            "fl_x": 727.1379,
            "fl_y": 727.1379,
            "cx": 500.39660000000003,
            "cy": 369.2435,
            "w": 994,
            "h": 738,
            "file_path": "./images/frame_00043.jpg",
            "transform_matrix": [
                [
                    -0.32111034,
                    -0.8627756,
                    -0.3905206,
                    -0.21051227
                ],
                [
                    0.30347025,
                    -0.48435533,
                    0.82055205,
                    1.6325864
                ],
                [
                    -0.89710313,
                    0.14497633,
                    0.4173583,
                    0.2695568
                ],
                [
                    0.0,
                    0.0,
                    0.0,
                    1.0
                ]
            ]
        },
        {
            "fl_x": 724.692,
            "fl_y": 724.692,
            "cx": 500.25,
            "cy": 369.49924,
            "w": 994,
            "h": 738,
            "file_path": "./images/frame_00044.jpg",
            "transform_matrix": [
                [
                    -0.3046945,
                    -0.91022855,
                    -0.2804369,
