{
    "w": 768,
    "h": 1024,
    "fl_x": 769.1351468156668,
    "fl_y": 769.2491336189515,
    "cx": 381.66677353760934,
    "cy": 520.3786640905954,
    "k1": 0.04254534576340946,
    "k2": -0.049831783560764516,
    "p1": 0.0007726548363324283,
    "p2": -0.0006832867610526049,
    "camera_model": "OPENCV",
    "frames": [
        {
            "file_path": "images/frame_00077.jpg",
            "transform_matrix": [
                [
                    0.08489616461833145,
                    -0.9809279407567902,
                    -0.1748514119924125,
                    -0.36081356113090796
                ],
                [
                    -0.635524416552666,
                    0.08184612865439443,
                    -0.7677303740179107,
                    -2.660602709646237
                ],
                [
                    0.7673990860031628,
                    0.17629970580500562,
                    -0.6164552348180505,
                    -3.241005558432988
                ],
                [
                    0.0,
                    0.0,
                    0.0,
                    1.0
                ]
            ],
            "colmap_im_id": 77
        },
        {
            "file_path": "images/frame_00076.jpg",
            "transform_matrix": [
                [
                    0.028599638429588126,
                    -0.9808388769844427,
                    -0.1927100362658723,
                    -0.3774579205763881
                ],
                [
                    -0.7392583243962263,
                    0.10900984074251066,
                    -0.6645404309988788,
                    -2.553325690844411
                ],
                [
                    0.672814380414524,
                    0.16146811455265545,
                    -0.721975662671693,
                    -3.7174733646549782
                ],
                [
                    0.0,
                    0.0,
                    0.0,
                    1.0
                ]
            ],
            "colmap_im_id": 76
        },
        {
            "file_path": "images/frame_00075.jpg",
            "transform_matrix": [
                [
                    0.0017288429603828654,
                    -0.9770290438413218,
                    -0.21309917548533747,
                    -0.39869628104867066
                ],
                [
                    -0.7676435084789391,
                    0.1352736372494752,
                    -0.6264379354376954,
                    -2.518704852530287
                ],
                [
                    0.6408747576493892,
                    0.1646672115383318,
                    -0.7497761362246914,
                    -3.7581758958677236
                ],
                [
                    0.0,
                    0.0,
                    0.0,
                    1.0
                ]
            ],
            "colmap_im_id": 75
        },
        {
            "file_path": "images/frame_00074.jpg",
            "transform_matrix": [
                [
                    0.0013824432803097623,
                    -0.9777423950214206,
                    -0.20980442757090018,
                    -0.41109885199478907
                ],
                [
                    -0.8679862407127987,
                    0.10301297189605106,
                    -0.4857861809010282,
                    -2.3343831693003994
                ],
                [
                    0.4965863215835087,
                    0.18277892821362032,
                    -0.8485245362493887,
                    -3.9411370065506235
                ],
                [
                    0.0,
                    0.0,
                    0.0,
                    1.0
                ]
            ],
            "colmap_im_id": 74
        },
        {
            "file_path": "images/frame_00073.jpg",
            "transform_matrix": [
                [
                    -0.011202561779966612,
                    -0.9732111827735497,
                    -0.22963992756938975,
                    -0.3863264667187314
                ],
                [
                    -0.935353867041984,
                    0.09139508930092445,
                    -0.34170174284203153,
                    -2.0914003492344695
                ],
                [
                    0.35353591899433895,
                    0.2109666593947598,
                    -0.9113207023900219,
                    -4.170458783595473
                ],
                [
                    0.0,
                    0.0,
                    0.0,
                    1.0
                ]
            ],
            "colmap_im_id": 73
        },
        {
            "file_path": "images/frame_00072.jpg",
            "transform_matrix": [
                [
                    -0.00535920704236733,
                    -0.9841101150961189,
                    -0.17747833745384434,
                    -0.43096419115273304
                ],
                [
                    -0.977362319967863,
                    0.04269335959360304,
                    -0.20722010653806597,
                    -1.628554487066174
                ],
                [
                    0.2115045493763979,
                    0.1723501041836497,
                    -0.96206094774758,
                    -4.477850146022828
                ],
                [
                    0.0,
                    0.0,
                    0.0,
                    1.0
                ]
            ],
            "colmap_im_id": 72
        },
        {
            "file_path": "images/frame_00071.jpg",
            "transform_matrix": [
                [
                    -0.03341547977640477,
                    -0.9811794828496855,
                    -0.19018472111643614,
                    -0.4243294079822552
                ],
                [
                    -0.999207089429447,
                    0.03691876259519729,
                    -0.014906287343663043,
                    -1.399042885940183
                ],
                [
                    0.021647127875195626,
                    0.18953582089743187,
                    -0.9816351534309936,
                    -4.474594420929069
                ],
                [
                    0.0,
                    0.0,
                    0.0,
                    1.0
                ]
            ],
            "colmap_im_id": 71
        },
        {
            "file_path": "images/frame_00070.jpg",
            "transform_matrix": [
                [
                    -0.06957565705426697,
                    -0.9829267676655595,
                    -0.17033554341945864,
                    -0.4210463708737068
                ],
                [
                    -0.9841372062175664,
                    0.03969690688222385,
                    0.17291071372898345,
                    -1.1568639851433313
                ],
                [
                    -0.16319677473451932,
                    0.17966392233979336,
                    -0.9700967414261994,
                    -4.4753796141223345
                ],
                [
                    0.0,
                    0.0,
                    0.0,
                    1.0
                ]
            ],
            "colmap_im_id": 70
        },
        {
            "file_path": "images/frame_00069.jpg",
            "transform_matrix": [
                [
                    -0.08462359484970615,
                    -0.9912381942114091,
                    -0.10141838852603269,
                    -0.41120746701172783
                ],
                [
                    -0.9410078797674208,
                    0.04603546675658947,
                    0.3352385807393392,
                    -0.5387632232968698
                ],
                [
                    -0.3276324425485612,
                    0.12380459659078688,
                    -0.9366586381668918,
                    -4.576435225773762
                ],
                [
                    0.0,
                    0.0,
                    0.0,
                    1.0
                ]
            ],
            "colmap_im_id": 69
        },
        {
            "file_path": "images/frame_00068.jpg",
            "transform_matrix": [
                [
                    -0.06646508601140454,
                    -0.9933718878138259,
                    -0.09377998103375977,
                    -0.38316178194362593
                ],
                [
                    -0.8734055645562169,
                    0.012478433412192862,
                    0.48683365588444455,
                    -0.13757883566003604
                ],
                [
                    -0.4824366405485107,
                    0.1142653980904684,
                    -0.8684459146403387,
                    -4.354271672994327
                ],
                [
                    0.0,
                    0.0,
                    0.0,
                    1.0
                ]
            ],
            "colmap_im_id": 68
        },
        {
            "file_path": "images/frame_00067.jpg",
            "transform_matrix": [
                [
                    -0.06312490173093684,
                    -0.9950074137014543,
                    -0.07730131603409318,
                    -0.3419096613488497
                ],
                [
                    -0.7995198380577231,
                    0.004060707788552514,
                    0.6006259561527526,
                    0.29840254093433616
                ],
                [
                    -0.5973133811774284,
                    0.09971839013641953,
                    -0.7957844980489311,
                    -4.1787728243823725
                ],
                [
                    0.0,
                    0.0,
                    0.0,
                    1.0
                ]
            ],
            "colmap_im_id": 67
        },
        {
            "file_path": "images/frame_00066.jpg",
            "transform_matrix": [
                [
                    -0.0551188981461515,
                    -0.9964784350424166,
                    -0.0631873053909574,
                    -0.2789566095051042
                ],
                [
                    -0.7250464983304923,
                    -0.0035653001731467664,
                    0.6886906881128614,
                    0.7066499427147028
                ],
                [
                    -0.6864907008298401,
                    0.0837736064049489,
                    -0.7222966845722488,
                    -3.8384364628009084
                ],
                [
                    0.0,
                    0.0,
                    0.0,
                    1.0
                ]
            ],
            "colmap_im_id": 66
        },
        {
            "file_path": "images/frame_00065.jpg",
            "transform_matrix": [
                [
                    -0.09836881277118707,
                    -0.993638944599274,
                    -0.05481992748652443,
                    -0.251207720423543
                ],
                [
                    -0.6168123765998348,
                    0.01764889010894625,
                    0.7869123259621655,
                    0.8459984524988513
                ],
                [
                    -0.7809392221852163,
                    0.11122124101790537,
                    -0.6146248992671761,
                    -3.5666603763860416
                ],
                [
                    0.0,
                    0.0,
                    0.0,
                    1.0
                ]
            ],
            "colmap_im_id": 65
        },
        {
            "file_path": "images/frame_00029.jpg",
            "transform_matrix": [
                [
                    0.15581249371139105,
                    -0.9854075249355772,
                    -0.0685162506547024,
                    0.2564654869154792
                ],
                [
                    0.7680206441928072,
                    0.16447506376361665,
                    -0.618944459134759,
                    -0.7863152178235014
                ],
                [
                    0.6211817422438485,
                    0.04381738468113466,
                    0.7824405919318107,
                    4.277703588582747
                ],
                [
                    0.0,
                    0.0,
                    0.0,
                    1.0
                ]
            ],
            "colmap_im_id": 29
        },
        {
            "file_path": "images/frame_00028.jpg",
            "transform_matrix": [
                [
                    0.0627412432669451,
                    -0.9952862275266041,
                    -0.07395175244156849,
                    0.248078720193709
                ],
                [
                    0.6517628520751352,
                    0.09697584675465985,
                    -0.7521973609373419,
                    -0.9200883961018171
                ],
                [
                    0.7558232075348065,
                    -0.001005207479947115,
                    0.6547749754760935,
                    4.115678150218266
                ],
                [
                    0.0,
                    0.0,
                    0.0,
                    1.0
                ]
            ],
            "colmap_im_id": 28
        },
        {
            "file_path": "images/frame_00027.jpg",
            "transform_matrix": [
                [
                    0.09163407204371457,
                    -0.9932212209471617,
                    -0.07151785162403239,
                    0.2680136373723458
                ],
                [
                    0.5053007887641505,
                    0.10826488548091998,
                    -0.8561248900984778,
                    -1.1892868819722124
                ],
                [
                    0.8580642806427817,
                    0.04231218302136009,
                    0.5117962186778565,
                    3.9852979899833616
                ],
                [
                    0.0,
                    0.0,
                    0.0,
                    1.0
                ]
            ],
            "colmap_im_id": 27
        },
        {
            "file_path": "images/frame_00026.jpg",
            "transform_matrix": [
                [
                    0.07282853121741832,
                    -0.9953612323009041,
                    -0.06286511173249139,
                    0.2228985340141437
                ],
                [
                    0.3688774334956773,
                    0.08544548215223408,
                    -0.9255422781469326,
                    -1.3065364875129706
                ],
                [
                    0.926620442305454,
                    0.04421636362476395,
                    0.37338916573656356,
                    3.7365780521825407
                ],
                [
                    0.0,
                    0.0,
                    0.0,
                    1.0
                ]
            ],
            "colmap_im_id": 26
        },
        {
            "file_path": "images/frame_00025.jpg",
            "transform_matrix": [
                [
                    0.08504002528025967,
                    -0.99150498464958,
                    -0.09841778048385676,
                    0.16908870640175983
                ],
                [
                    0.24116097578169737,
                    0.11632092084386533,
                    -0.9634888827246813,
                    -1.7501874439920702
                ],
                [
                    0.9667520767292678,
                    0.058200590968400266,
                    0.24900424363969495,
                    3.407585253063905
                ],
                [
                    0.0,
                    0.0,
                    0.0,
                    1.0
                ]
            ],
            "colmap_im_id": 25
        },
        {
            "file_path": "images/frame_00024.jpg",
            "transform_matrix": [
                [
                    0.06009341180312036,
                    -0.9930605204377136,
                    -0.10109196113360447,
                    0.16082228589125913
                ],
                [
                    0.2175921844135228,
                    0.1118716941253107,
                    -0.9696073253310767,
                    -1.7763164498524853
                ],
                [
                    0.974188084067965,
                    0.03627019163873455,
                    0.2228049596810569,
                    3.2826528362955987
                ],
                [
                    0.0,
                    0.0,
                    0.0,
                    1.0
                ]
            ],
            "colmap_im_id": 24
        },
        {
            "file_path": "images/frame_00023.jpg",
            "transform_matrix": [
                [
                    0.001877494187804001,
                    -0.9869132145422643,
                    -0.16124137799407806,
                    0.029372832498151816
                ],
                [
                    0.1144756425688488,
                    0.1603937800479119,
                    -0.9803923513473527,
                    -1.9485700520029376
                ],
                [
                    0.9934242810974694,
                    -0.016617529413136566,
                    0.11327866278421367,
                    2.864888558601955
                ],
                [
                    0.0,
                    0.0,
                    0.0,
                    1.0
                ]
            ],
            "colmap_im_id": 23
        },
        {
            "file_path": "images/frame_00022.jpg",
            "transform_matrix": [
                [
                    0.0029799309969446926,
                    -0.9859432297798448,
                    -0.16705408603964733,
                    0.026102726137529432
                ],
                [
                    0.09288249938476598,
                    0.16660555133108493,
                    -0.9816391554811289,
                    -1.9789841495885525
                ],
                [
                    0.9956726175401693,
                    -0.012591184096567353,
                    0.0920733444801152,
                    2.8239725683734886
                ],
                [
                    0.0,
                    0.0,
                    0.0,
                    1.0
                ]
            ],
            "colmap_im_id": 22
        },
        {
            "file_path": "images/frame_00021.jpg",
            "transform_matrix": [
                [
                    0.01607192898886262,
                    -0.9934358272002667,
                    -0.1132561271344685,
                    -0.12394396366102406
                ],
                [
                    0.2354237046171721,
                    0.11384605014547619,
                    -0.965201925076095,
                    -2.1997605271318794
                ],
                [
                    0.9717599355822932,
                    -0.011150520220853471,
                    0.23570806837251215,
                    2.318509701177438
                ],
                [
                    0.0,
                    0.0,
                    0.0,
                    1.0
                ]
            ],
            "colmap_im_id": 21
        },
        {
            "file_path": "images/frame_00015.jpg",
            "transform_matrix": [
                [
                    0.009191154126679339,
                    -0.9991696463539748,
                    -0.03969307862452658,
                    -0.11599687472929522
                ],
                [
                    0.07933786203939362,
                    0.04029828084027726,
                    -0.9960329071914925,
                    -2.7825517777354523
                ],
                [
                    0.9968054104652712,
                    0.0060055279694100116,
                    0.0796423712666245,
                    -1.0654103694602037
                ],
                [
                    0.0,
                    0.0,
                    0.0,
                    1.0
                ]
            ],
            "colmap_im_id": 15
        },
        {
            "file_path": "images/frame_00014.jpg",
            "transform_matrix": [
                [
                    0.031623540737602714,
                    -0.9939111166570511,
                    -0.10554924848974881,
                    -0.14700322853605907
                ],
                [
                    0.064860088435857,
                    0.10742014078870873,
                    -0.9920958029752099,
                    -2.705342385831696
                ],
                [
                    0.997393162498776,
                    0.024527648449607888,
                    0.06786216812202846,
                    -1.6592881551730623
                ],
                [
                    0.0,
                    0.0,
                    0.0,
                    1.0
                ]
            ],
            "colmap_im_id": 14
        },
        {
            "file_path": "images/frame_00030.jpg",
            "transform_matrix": [
                [
                    0.17557360933860344,
                    -0.9829557301745152,
                    -0.054515504408390474,
                    0.28494632096043254
                ],
                [
                    0.8720393446060761,
                    0.18098244517407389,
                    -0.45474469320468003,
                    -0.6861172101590277
                ],
                [
                    0.4568602512397207,
                    0.03230150237835913,
                    0.8889518118443092,
                    4.338313621241886
                ],
                [
                    0.0,
                    0.0,
                    0.0,
                    1.0
                ]
            ],
            "colmap_im_id": 30
        },
        {
            "file_path": "images/frame_00001.jpg",
            "transform_matrix": [
                [
                    -0.06229420814894192,
                    -0.9973887744549752,
                    -0.0365385306532534,
                    -0.17157958487392694
                ],
                [
                    -0.981921418783529,
                    0.05468944185644047,
                    0.1812164238792171,
                    0.16472468651190833
                ],
                [
                    -0.17874495507632476,
                    0.0471666994884469,
                    -0.9827642359661491,
                    -3.9068236037253508
                ],
                [
                    0.0,
                    0.0,
                    0.0,
                    1.0
                ]
            ],
            "colmap_im_id": 1
        },
        {
            "file_path": "images/frame_00060.jpg",
            "transform_matrix": [
                [
                    -0.04767787825750338,
                    -0.9986899931666862,
                    0.0185773376345178,
                    -0.11112567700562453
                ],
                [
                    -0.5217674994225152,
                    0.04076016216989129,
                    0.8521134230407704,
                    1.75832977386924
                ],
                [
                    -0.8517543639284965,
                    0.030933909041832193,
                    -0.5230273384825629,
                    -1.899849684745267
                ],
                [
                    0.0,
                    0.0,
                    0.0,
                    1.0
                ]
            ],
            "colmap_im_id": 60
        },
        {
            "file_path": "images/frame_00031.jpg",
            "transform_matrix": [
                [
                    0.13220736105489894,
                    -0.9888464927823004,
                    -0.0685844544706986,
                    0.31495485410244983
                ],
                [
                    0.9289739035887887,
                    0.1477413357238516,
                    -0.33938176758562044,
                    -0.39696419835183444
                ],
                [
                    0.34572922950469126,
                    -0.0188444005125105,
                    0.9381450785648328,
                    4.481323895060313
                ],
                [
                    0.0,
                    0.0,
                    0.0,
                    1.0
                ]
            ],
            "colmap_im_id": 31
        },
        {
            "file_path": "images/frame_00002.jpg",
            "transform_matrix": [
                [
                    -0.07982040158108597,
                    -0.9904585625602828,
                    -0.11234117385203271,
                    -0.19405060364959778
                ],
                [
                    -0.9955908645365602,
                    0.07364437860101078,
                    0.058097641534020084,
                    -0.26887642763290437
                ],
                [
                    -0.04927001058228704,
                    0.11648322347655672,
                    -0.9919698204611528,
                    -3.843556424538258
                ],
                [
                    0.0,
                    0.0,
                    0.0,
                    1.0
                ]
            ],
            "colmap_im_id": 2
        },
        {
            "file_path": "images/frame_00061.jpg",
            "transform_matrix": [
                [
                    -0.053592877415493345,
                    -0.9979897286905177,
                    0.033827576303288434,
                    -0.1280702968661517
                ],
                [
                    -0.5758390683636415,
                    0.058563733308317566,
                    0.8154628480115359,
                    1.742151962220809
                ],
                [
                    -0.8158046156013219,
                    0.024223760426885704,
                    -0.5778200745858174,
                    -1.985272886952303
                ],
                [
                    0.0,
                    0.0,
                    0.0,
                    1.0
                ]
            ],
            "colmap_im_id": 61
        },
        {
            "file_path": "images/frame_00032.jpg",
            "transform_matrix": [
                [
                    0.07319748012523233,
                    -0.9972462058287109,
                    -0.011921990754778409,
                    0.29564342350120004
                ],
                [
                    0.9601608686268963,
                    0.07369793334028174,
                    -0.2695546715956073,
                    0.019758177502434197
                ],
                [
                    0.26969099959205256,
                    0.008283693717913133,
                    0.9629112862343173,
                    4.6148486019218335
                ],
                [
                    0.0,
                    0.0,
                    0.0,
                    1.0
                ]
            ],
            "colmap_im_id": 32
        },
        {
            "file_path": "images/frame_00003.jpg",
            "transform_matrix": [
                [
                    -0.07929935214937094,
                    -0.9957770192047456,
                    -0.04625733209342771,
                    -0.2523461672921144
                ],
                [
                    -0.9923623816437873,
                    0.08325581030960806,
                    -0.09102402731125861,
                    -0.5406238872390184
                ],
                [
                    0.09449082625821542,
                    0.03868588984891207,
                    -0.9947737861843956,
                    -4.089758722712986
                ],
                [
                    0.0,
                    0.0,
                    0.0,
                    1.0
                ]
            ],
            "colmap_im_id": 3
        },
        {
            "file_path": "images/frame_00062.jpg",
            "transform_matrix": [
                [
                    -0.08522831663781415,
                    -0.9959236458085063,
                    -0.029533468515863245,
                    -0.19565706037607086
                ],
                [
                    -0.5252651153966721,
                    0.019723443616622382,
                    0.8507100236386209,
                    1.4834529532702376
                ],
                [
                    -0.8466597265669399,
                    0.08801748400968364,
                    -0.5248049446396251,
                    -2.5065219872237323
                ],
                [
                    0.0,
                    0.0,
                    0.0,
                    1.0
                ]
            ],
            "colmap_im_id": 62
        },
        {
            "file_path": "images/frame_00033.jpg",
            "transform_matrix": [
                [
                    0.06445240227371407,
                    -0.9977406671763034,
                    0.018959137737044093,
                    0.2861403221669499
                ],
                [
                    0.9927642842134301,
                    0.06217890841060632,
                    -0.10272711102265737,
                    0.2540995196587761
                ],
                [
                    0.10131615779994464,
                    0.025442963888869217,
                    0.9945288792977337,
                    4.736749969619682
                ],
                [
                    0.0,
                    0.0,
                    0.0,
                    1.0
                ]
            ],
            "colmap_im_id": 33
        },
        {
            "file_path": "images/frame_00004.jpg",
            "transform_matrix": [
                [
                    -0.08039132742833054,
                    -0.9943904545319734,
                    -0.06873760550096368,
                    -0.26912966722003734
                ],
                [
                    -0.9758630985219514,
                    0.09256611497966852,
                    -0.19779465943423752,
                    -1.1836824277196956
                ],
                [
                    0.2030478943930376,
                    0.05117751745899707,
                    -0.9778304629583222,
                    -4.038903982904892
                ],
                [
                    0.0,
                    0.0,
                    0.0,
                    1.0
                ]
            ],
            "colmap_im_id": 4
        },
        {
            "file_path": "images/frame_00063.jpg",
            "transform_matrix": [
                [
                    -0.0586830746802711,
                    -0.99816934770395,
                    -0.014637282887907246,
                    -0.17302591344204127
                ],
                [
                    -0.5565061482623269,
                    0.02053751366783674,
                    0.8305896203773393,
                    1.3555975682393369
                ],
                [
                    -0.8287684861843497,
                    0.05688729064223676,
                    -0.5566925834525612,
                    -3.0864254995092963
                ],
                [
                    0.0,
                    0.0,
                    0.0,
                    1.0
                ]
            ],
            "colmap_im_id": 63
        },
        {
            "file_path": "images/frame_00034.jpg",
            "transform_matrix": [
                [
                    -0.031424238714154305,
                    -0.9983706854392013,
                    -0.047628685441599435,
                    0.28842796811019444
                ],
                [
                    0.9980484571702469,
                    -0.03391539741780148,
                    0.0524311258517549,
                    0.4022460769412683
                ],
                [
                    -0.05396104485020488,
                    -0.045888127807217904,
                    0.9974880878311393,
                    4.816792638495192
                ],
                [
                    0.0,
                    0.0,
                    0.0,
                    1.0
                ]
            ],
            "colmap_im_id": 34
        },
        {
            "file_path": "images/frame_00005.jpg",
            "transform_matrix": [
                [
                    -0.16411775202284795,
                    -0.9743219240012531,
                    -0.15414977094197457,
                    -0.35270774011062334
                ],
                [
                    -0.9152122733008342,
                    0.20869987296774764,
                    -0.3447185196979772,
                    -1.497143268831454
                ],
                [
                    0.36803784896459446,
                    0.0845053337591316,
                    -0.9259627369909502,
                    -3.856725389302929
                ],
                [
                    0.0,
                    0.0,
                    0.0,
                    1.0
                ]
            ],
            "colmap_im_id": 5
        },
        {
            "file_path": "images/frame_00064.jpg",
            "transform_matrix": [
                [
                    -0.11893981709466578,
                    -0.9914891882636888,
                    -0.05293873313273185,
                    -0.25813539918081846
                ],
                [
                    -0.6029044708786534,
                    0.029756759367255733,
                    0.7972582607075885,
                    0.869545483617519
                ],
                [
                    -0.7888976606024493,
                    0.12674275059414794,
                    -0.6013125279484963,
                    -3.5181470461804665
                ],
                [
                    0.0,
                    0.0,
                    0.0,
                    1.0
                ]
            ],
            "colmap_im_id": 64
        },
        {
            "file_path": "images/frame_00006.jpg",
            "transform_matrix": [
                [
                    -0.13920157052038293,
                    -0.987243787853466,
                    -0.07728276722141518,
                    -0.3414388073129706
                ],
                [
                    -0.8513901752274865,
                    0.15917114154331152,
                    -0.49979927693615994,
                    -1.6156207164236003
                ],
                [
                    0.5057249176091366,
                    -0.003775055567759517,
                    -0.862686534417161,
                    -3.872050359184899
                ],
                [
                    0.0,
                    0.0,
                    0.0,
                    1.0
                ]
            ],
            "colmap_im_id": 6
        },
        {
            "file_path": "images/frame_00007.jpg",
            "transform_matrix": [
                [
                    -0.10934265121460648,
                    -0.9824737705600861,
                    -0.15096183221863768,
                    -0.3474293499134493
                ],
                [
                    -0.7803013387859477,
                    0.178921961668574,
                    -0.5992635082511925,
                    -2.1219684497096307
                ],
                [
                    0.615771065668255,
                    0.052270659017431005,
                    -0.7861894001394734,
                    -3.617608563383552
                ],
                [
                    0.0,
                    0.0,
                    0.0,
                    1.0
                ]
            ],
            "colmap_im_id": 7
        },
        {
            "file_path": "images/frame_00008.jpg",
            "transform_matrix": [
                [
                    -0.09050503767829934,
                    -0.9877764058385461,
                    -0.12691182066117182,
                    -0.30585139255068217
                ],
                [
                    -0.6484538674345353,
                    0.15516887650848288,
                    -0.745271897747587,
                    -2.279945894999714
                ],
                [
                    0.7558547611572242,
                    0.01484559974467199,
                    -0.6545709955414899,
                    -3.4870302589131073
                ],
                [
                    0.0,
                    0.0,
                    0.0,
                    1.0
                ]
            ],
            "colmap_im_id": 8
        },
        {
            "file_path": "images/frame_00009.jpg",
            "transform_matrix": [
                [
                    -0.08301861449905769,
                    -0.9875893306584941,
                    -0.133323754883233,
                    -0.2764956358963029
                ],
                [
                    -0.5215983612891251,
                    0.15705829412438987,
                    -0.8386106615988351,
                    -2.4720186957857653
                ],
                [
                    0.8491425434796894,
                    -7.884316206608651e-05,
                    -0.5281637384718868,
                    -3.1352841847409167
                ],
                [
                    0.0,
                    0.0,
                    0.0,
                    1.0
                ]
            ],
            "colmap_im_id": 9
        },
        {
            "file_path": "images/frame_00010.jpg",
            "transform_matrix": [
                [
                    -0.08505696080239873,
                    -0.9956623767036943,
                    -0.03770603447473831,
                    -0.2528408197986347
                ],
                [
                    -0.3436756820397804,
                    0.06483805245781983,
                    -0.9368474008759212,
                    -2.553239944035356
                ],
                [
                    0.9352284956060476,
                    -0.0667267455390112,
                    -0.3476998740813994,
                    -2.9555374453333436
                ],
                [
                    0.0,
                    0.0,
                    0.0,
                    1.0
                ]
            ],
            "colmap_im_id": 10
        },
        {
            "file_path": "images/frame_00011.jpg",
            "transform_matrix": [
                [
                    -0.00012908563931759005,
                    -0.999833104388205,
                    -0.0182687357620078,
                    -0.20642709668059933
                ],
                [
                    -0.17034394932139266,
                    0.01802371751088574,
                    -0.9852198153390332,
                    -2.372785499384068
                ],
                [
                    0.9853846570078554,
                    0.0029847908690779734,
                    -0.17031784626685292,
