{
    "camera_model": "OPENCV",
    "orientation_override": "none",
    "frames": [
        {
            "fl_x": 729.3011,
            "fl_y": 729.3011,
            "cx": 500.15155000000004,
            "cy": 369.39062,
            "w": 994,
            "h": 738,
            "file_path": "./images/frame_00001.jpg",
            "transform_matrix": [
                [
                    -0.3505005,
                    -0.7213685,
                    -0.59730804,
                    -0.9627217
                ],
                [
                    0.2889567,
                    -0.6899452,
                    0.66368645,
                    -0.61136353
                ],
                [
                    -0.89087224,
                    0.060026266,
                    0.45027035,
                    0.015636317
                ],
                [
                    0.0,
                    0.0,
                    0.0,
                    1.0
                ]
            ]
        },
        {
            "fl_x": 733.09375,
            "fl_y": 733.09375,
            "cx": 500.20950000000005,
            "cy": 369.39166,
            "w": 994,
            "h": 738,
            "file_path": "./images/frame_00002.jpg",
            "transform_matrix": [
                [
                    -0.3324688,
                    -0.627538,
                    -0.7040317,
                    -0.96815336
                ],
                [
                    0.15096216,
                    -0.77228177,
                    0.61708295,
                    -0.6287309
                ],
                [
                    -0.93095374,
                    0.098878674,
                    0.351494,
                    -0.08997261
                ],
                [
                    0.0,
                    0.0,
                    0.0,
                    1.0
                ]
            ]
        },
        {
            "fl_x": 732.838,
            "fl_y": 732.838,
            "cx": 500.3827,
            "cy": 369.3522,
            "w": 994,
            "h": 738,
            "file_path": "./images/frame_00003.jpg",
            "transform_matrix": [
                [
                    -0.4135909,
                    -0.64934754,
                    -0.63819325,
                    -0.93642926
                ],
                [
                    0.23811665,
                    -0.75370353,
                    0.61256164,
                    -0.6344256
                ],
                [
                    -0.8787737,
                    0.10138546,
                    0.46634525,
                    -0.024284512
                ],
                [
                    0.0,
                    0.0,
                    0.0,
                    1.0
                ]
            ]
        },
        {
            "fl_x": 733.0921,
            "fl_y": 733.0921,
            "cx": 500.07043,
            "cy": 369.3509,
            "w": 994,
            "h": 738,
            "file_path": "./images/frame_00004.jpg",
            "transform_matrix": [
                [
                    -0.49496427,
                    -0.6527975,
                    -0.5734682,
                    -0.9105016
                ],
                [
                    0.29469052,
                    -0.74698263,
                    0.5959652,
                    -0.6271429
                ],
                [
                    -0.81741536,
                    0.12598583,
                    0.56210285,
                    0.036448274
                ],
                [
                    0.0,
                    0.0,
                    0.0,
                    1.0
                ]
            ]
        },
        {
            "fl_x": 732.21387,
            "fl_y": 732.21387,
            "cx": 499.61614999999995,
            "cy": 369.42703,
            "w": 994,
            "h": 738,
            "file_path": "./images/frame_00005.jpg",
            "transform_matrix": [
                [
                    -0.4576903,
                    -0.7417636,
                    -0.49021074,
                    -0.8635793
                ],
                [
                    0.35632953,
                    -0.65816396,
                    0.6632115,
                    -0.59183764
                ],
                [
                    -0.81458503,
                    0.1288689,
                    0.5655474,
                    0.084651716
                ],
                [
                    0.0,
                    0.0,
                    0.0,
                    1.0
                ]
            ]
        },
        {
            "fl_x": 731.9343,
            "fl_y": 731.9343,
            "cx": 499.68726000000004,
            "cy": 369.38733,
            "w": 994,
            "h": 738,
            "file_path": "./images/frame_00006.jpg",
            "transform_matrix": [
                [
                    -0.39961994,
                    -0.7943856,
                    -0.45744485,
                    -0.845121
                ],
                [
                    0.3888698,
                    -0.59880424,
                    0.70015293,
                    -0.5642065
                ],
                [
                    -0.8301111,
                    0.10190857,
                    0.54820645,
                    0.06549754
                ],
                [
                    0.0,
                    0.0,
                    0.0,
                    1.0
                ]
            ]
        },
        {
            "fl_x": 731.88824,
            "fl_y": 731.88824,
            "cx": 499.91229999999996,
            "cy": 369.33768,
            "w": 994,
            "h": 738,
            "file_path": "./images/frame_00007.jpg",
            "transform_matrix": [
                [
                    -0.34246972,
                    -0.84226537,
                    -0.41629794,
                    -0.8028228
                ],
                [
                    0.37623242,
                    -0.52895796,
                    0.7606925,
                    -0.5145919
                ],
                [
                    -0.86090875,
                    0.10388931,
                    0.49803945,
                    0.04403154
                ],
                [
                    0.0,
                    0.0,
                    0.0,
                    1.0
                ]
            ]
        },
        {
            "fl_x": 734.8137,
            "fl_y": 734.8137,
            "cx": 500.06769999999995,
            "cy": 369.41666,
            "w": 994,
            "h": 738,
            "file_path": "./images/frame_00008.jpg",
            "transform_matrix": [
                [
                    -0.30110767,
                    -0.86995095,
                    -0.39053756,
                    -0.75095105
                ],
                [
                    0.36983186,
                    -0.4840259,
                    0.7930596,
                    -0.4802293
                ],
                [
                    -0.87895304,
                    0.09436309,
                    0.4674794,
                    0.004825214
                ],
                [
                    0.0,
                    0.0,
                    0.0,
                    1.0
                ]
            ]
        },
        {
            "fl_x": 738.2935,
            "fl_y": 738.2935,
            "cx": 500.11956999999995,
            "cy": 369.3751,
            "w": 994,
            "h": 738,
            "file_path": "./images/frame_00009.jpg",
            "transform_matrix": [
                [
                    -0.27357706,
                    -0.89484537,
                    -0.35271454,
                    -0.7004593
                ],
                [
                    0.33467185,
                    -0.4323495,
                    0.8372986,
                    -0.45132354
                ],
                [
                    -0.9017486,
                    0.11102204,
                    0.41776034,
                    -0.03305493
                ],
                [
                    0.0,
                    0.0,
                    0.0,
                    1.0
                ]
            ]
        },
        {
            "fl_x": 735.6698,
            "fl_y": 735.6698,
            "cx": 500.14110000000005,
            "cy": 369.42636,
            "w": 994,
            "h": 738,
            "file_path": "./images/frame_00010.jpg",
            "transform_matrix": [
                [
                    -0.22702669,
                    -0.8950692,
                    -0.38381,
                    -0.6786206
                ],
                [
                    0.29564384,
                    -0.43884343,
                    0.84853476,
                    -0.42221817
                ],
                [
                    -0.92792964,
                    0.079168946,
                    0.3642508,
                    -0.094424956
                ],
                [
                    0.0,
                    0.0,
                    0.0,
                    1.0
                ]
            ]
        },
        {
            "fl_x": 732.19,
            "fl_y": 732.19,
            "cx": 500.45905000000005,
            "cy": 369.383,
            "w": 994,
            "h": 738,
            "file_path": "./images/frame_00011.jpg",
            "transform_matrix": [
                [
                    -0.23651657,
                    -0.92605245,
                    -0.29408616,
                    -0.63039196
                ],
                [
                    0.345454,
                    -0.36304435,
                    0.8653672,
                    -0.3663889
                ],
                [
                    -0.90814173,
                    0.10308042,
                    0.4057745,
                    -0.044977374
                ],
                [
                    0.0,
                    0.0,
                    0.0,
                    1.0
                ]
            ]
        },
        {
            "fl_x": 731.06714,
            "fl_y": 731.06714,
            "cx": 500.2433,
            "cy": 369.38388,
            "w": 994,
            "h": 738,
            "file_path": "./images/frame_00012.jpg",
            "transform_matrix": [
                [
                    -0.19627842,
                    -0.9692669,
                    -0.14831276,
                    -0.58338565
                ],
                [
                    0.44719818,
                    -0.22309513,
                    0.8661654,
                    -0.37327632
                ],
                [
                    -0.8726332,
                    0.10368438,
                    0.47724307,
                    0.02257991
                ],
                [
                    0.0,
                    0.0,
                    0.0,
                    1.0
                ]
            ]
        },
        {
            "fl_x": 730.47156,
            "fl_y": 730.47156,
            "cx": 500.16179999999997,
            "cy": 369.39655,
            "w": 994,
            "h": 738,
            "file_path": "./images/frame_00013.jpg",
            "transform_matrix": [
                [
                    -0.12993358,
                    -0.9913321,
                    -0.019441314,
                    -0.5441376
                ],
                [
                    0.53030336,
                    -0.08604737,
                    0.84343004,
                    -0.40352118
                ],
                [
                    -0.83779204,
                    0.0992801,
                    0.53688717,
                    0.08708891
                ],
                [
                    0.0,
                    0.0,
                    0.0,
                    1.0
                ]
            ]
        },
        {
            "fl_x": 729.6314,
            "fl_y": 729.6314,
            "cx": 499.6916,
            "cy": 369.43704,
            "w": 994,
            "h": 738,
            "file_path": "./images/frame_00014.jpg",
            "transform_matrix": [
                [
                    -0.09246825,
                    -0.9920736,
                    0.08508624,
                    -0.48096073
                ],
                [
                    0.67664903,
                    8.161043e-05,
                    0.7363057,
                    -0.42726848
                ],
                [
                    -0.7304763,
                    0.1256584,
                    0.6712781,
                    0.14289947
                ],
                [
                    0.0,
                    0.0,
                    0.0,
                    1.0
                ]
            ]
        },
        {
            "fl_x": 729.55676,
            "fl_y": 729.55676,
            "cx": 499.46185,
            "cy": 369.42606,
            "w": 994,
            "h": 738,
            "file_path": "./images/frame_00015.jpg",
            "transform_matrix": [
                [
                    -0.124603376,
                    -0.99210465,
                    0.014235629,
                    -0.42984217
                ],
                [
                    0.50635713,
                    -0.051244333,
                    0.8607999,
                    -0.38418597
                ],
                [
                    -0.8532739,
                    0.11446689,
                    0.50874436,
                    0.09988981
                ],
                [
                    0.0,
                    0.0,
                    0.0,
                    1.0
                ]
            ]
        },
        {
            "fl_x": 729.031,
            "fl_y": 729.031,
            "cx": 500.1065,
            "cy": 369.3174,
            "w": 994,
            "h": 738,
            "file_path": "./images/frame_00016.jpg",
            "transform_matrix": [
                [
                    -0.077350095,
                    -0.99621445,
                    -0.039672457,
                    -0.39278352
                ],
                [
                    0.466951,
                    -0.07135611,
                    0.8813995,
                    -0.34430173
                ],
                [
                    -0.8808937,
                    0.049651287,
                    0.47070262,
                    0.03161109
                ],
                [
                    0.0,
                    0.0,
                    0.0,
                    1.0
                ]
            ]
        },
        {
            "fl_x": 728.97864,
            "fl_y": 728.97864,
            "cx": 500.17395,
            "cy": 369.14072,
            "w": 994,
            "h": 738,
            "file_path": "./images/frame_00017.jpg",
            "transform_matrix": [
                [
                    -0.046834357,
                    -0.9958361,
                    0.07821241,
                    -0.32568198
                ],
                [
                    0.42016277,
                    0.051395774,
                    0.9059921,
                    -0.36724904
                ],
                [
                    -0.90623933,
                    0.07529349,
                    0.4160061,
                    -0.0038572457
                ],
                [
                    0.0,
                    0.0,
                    0.0,
                    1.0
                ]
            ]
        },
        {
            "fl_x": 729.63934,
            "fl_y": 729.63934,
            "cx": 500.1739,
            "cy": 369.262,
            "w": 994,
            "h": 738,
            "file_path": "./images/frame_00018.jpg",
            "transform_matrix": [
                [
                    0.01714854,
                    -0.9842233,
                    0.17609745,
                    -0.24315037
                ],
                [
                    0.39705622,
                    0.16834396,
                    0.9022232,
                    -0.3971741
                ],
                [
                    -0.91763407,
                    0.054448754,
                    0.3936788,
                    -0.042023532
                ],
                [
                    0.0,
                    0.0,
                    0.0,
                    1.0
                ]
            ]
        },
        {
            "fl_x": 730.21906,
            "fl_y": 730.21906,
            "cx": 500.20074,
            "cy": 369.3034,
            "w": 994,
            "h": 738,
            "file_path": "./images/frame_00019.jpg",
            "transform_matrix": [
                [
                    0.005489083,
                    -0.96114993,
                    0.2759726,
                    -0.17491297
                ],
                [
                    0.40896714,
                    0.25399935,
                    0.8764874,
                    -0.39572102
                ],
                [
                    -0.91253257,
                    0.10805259,
                    0.39447287,
                    -0.0831469
                ],
                [
                    0.0,
                    0.0,
                    0.0,
                    1.0
                ]
            ]
        },
        {
            "fl_x": 729.3407,
            "fl_y": 729.3407,
            "cx": 500.31309999999996,
            "cy": 369.45242,
            "w": 994,
            "h": 738,
            "file_path": "./images/frame_00020.jpg",
            "transform_matrix": [
                [
                    0.02857246,
                    -0.91902834,
                    0.39315453,
                    -0.106652245
                ],
                [
                    0.36115864,
                    0.37623692,
                    0.8532351,
                    -0.40441117
                ],
                [
                    -0.9320665,
                    0.11761211,
                    0.34266505,
                    -0.13014933
                ],
                [
                    0.0,
                    0.0,
                    0.0,
                    1.0
                ]
            ]
        },
        {
            "fl_x": 729.29944,
            "fl_y": 729.29944,
            "cx": 500.27919999999995,
            "cy": 369.4703,
            "w": 994,
            "h": 738,
            "file_path": "./images/frame_00021.jpg",
            "transform_matrix": [
                [
                    0.052733332,
                    -0.8747843,
                    0.4816343,
                    -0.09118335
                ],
                [
                    0.36226088,
                    0.46620876,
                    0.80710363,
                    -0.4364955
                ],
                [
                    -0.93058383,
                    0.13191599,
                    0.3414848,
                    -0.15807149
                ],
                [
                    0.0,
                    0.0,
                    0.0,
                    1.0
                ]
            ]
        },
        {
            "fl_x": 729.8617,
            "fl_y": 729.8617,
            "cx": 500.32587,
            "cy": 369.4705,
            "w": 994,
            "h": 738,
            "file_path": "./images/frame_00022.jpg",
            "transform_matrix": [
                [
                    0.1146263,
                    -0.80442405,
                    0.58289194,
                    -0.048143163
                ],
                [
                    0.3574768,
                    0.580854,
                    0.7313133,
                    -0.4950253
                ],
                [
                    -0.926861,
                    0.12454259,
                    0.35414398,
                    -0.19413346
                ],
                [
                    0.0,
                    0.0,
                    0.0,
                    1.0
                ]
            ]
        },
        {
            "fl_x": 730.4954,
            "fl_y": 730.4954,
            "cx": 500.37890000000004,
            "cy": 369.49023,
            "w": 994,
            "h": 738,
            "file_path": "./images/frame_00023.jpg",
            "transform_matrix": [
                [
                    0.12161936,
                    -0.768343,
                    0.62837726,
                    -0.0011062175
                ],
                [
                    0.37747297,
                    0.62131304,
                    0.6866472,
                    -0.53576815
                ],
                [
                    -0.9179994,
                    0.15368582,
                    0.36559233,
                    -0.15060987
                ],
                [
                    0.0,
                    0.0,
                    0.0,
                    1.0
                ]
            ]
        },
        {
            "fl_x": 733.6083,
            "fl_y": 733.6083,
            "cx": 500.25933999999995,
            "cy": 369.37833,
            "w": 994,
            "h": 738,
            "file_path": "./images/frame_00024.jpg",
            "transform_matrix": [
                [
                    0.22728768,
                    -0.6304397,
                    0.7422171,
                    -0.05444832
                ],
                [
                    0.32367164,
                    0.7677406,
                    0.55300206,
                    -0.65124273
                ],
                [
                    -0.91846454,
                    0.114544064,
                    0.37855336,
                    -0.14845172
                ],
                [
                    0.0,
                    0.0,
                    0.0,
                    1.0
                ]
            ]
        },
        {
            "fl_x": 734.8153,
            "fl_y": 734.8153,
            "cx": 500.24620000000004,
            "cy": 369.37524,
            "w": 994,
            "h": 738,
            "file_path": "./images/frame_00025.jpg",
            "transform_matrix": [
                [
                    0.31216958,
                    -0.5751736,
                    0.75612545,
                    -0.010377243
                ],
                [
                    0.3198948,
                    0.8130614,
                    0.48641407,
                    -0.68114805
                ],
                [
                    -0.89454883,
                    0.0900369,
                    0.437808,
                    -0.123961024
                ],
                [
                    0.0,
                    0.0,
                    0.0,
                    1.0
                ]
            ]
        },
        {
            "fl_x": 734.81696,
            "fl_y": 734.81696,
            "cx": 500.221,
            "cy": 369.35425,
            "w": 994,
            "h": 738,
            "file_path": "./images/frame_00026.jpg",
            "transform_matrix": [
                [
                    0.38474068,
                    -0.5511934,
                    0.7403787,
                    0.023287773
                ],
                [
                    0.32788914,
                    0.83142143,
                    0.44858357,
                    -0.69589245
                ],
                [
                    -0.86282283,
                    0.07017376,
                    0.50061184,
                    -0.09405359
                ],
                [
                    0.0,
                    0.0,
                    0.0,
                    1.0
                ]
            ]
        },
        {
            "fl_x": 733.6623,
            "fl_y": 733.6623,
            "cx": 499.99429999999995,
            "cy": 369.28735,
            "w": 994,
            "h": 738,
            "file_path": "./images/frame_00027.jpg",
            "transform_matrix": [
                [
                    0.47264972,
                    -0.44891107,
                    0.75834125,
                    0.083199754
                ],
                [
                    0.3171825,
                    0.88951594,
                    0.32887223,
                    -0.7126912
                ],
                [
                    -0.8221908,
                    0.085091196,
                    0.562816,
                    -0.045042902
                ],
                [
                    0.0,
                    0.0,
                    0.0,
                    1.0
                ]
            ]
        },
        {
            "fl_x": 732.24554,
            "fl_y": 732.24554,
            "cx": 499.92240000000004,
            "cy": 369.28268,
            "w": 994,
            "h": 738,
            "file_path": "./images/frame_00028.jpg",
            "transform_matrix": [
                [
                    0.51146054,
                    -0.38551998,
                    0.767973,
                    0.107601
                ],
                [
                    0.28559694,
                    0.91917115,
                    0.2712171,
                    -0.743225
                ],
                [
                    -0.8104582,
                    0.08061387,
                    0.5802231,
                    -0.012501711
                ],
                [
                    0.0,
                    0.0,
                    0.0,
                    1.0
                ]
            ]
        },
        {
            "fl_x": 731.96295,
            "fl_y": 731.96295,
            "cx": 499.87854000000004,
            "cy": 369.30173,
            "w": 994,
            "h": 738,
            "file_path": "./images/frame_00029.jpg",
            "transform_matrix": [
                [
                    0.5199034,
                    -0.37024516,
                    0.7698175,
                    0.109798744
                ],
                [
                    0.2770523,
                    0.9255581,
                    0.258039,
                    -0.7495384
                ],
                [
                    -0.80804855,
                    0.07912433,
                    0.5837781,
                    -0.00865766
                ],
                [
                    0.0,
                    0.0,
                    0.0,
                    1.0
                ]
            ]
        },
        {
            "fl_x": 730.73206,
            "fl_y": 730.73206,
            "cx": 499.8156,
            "cy": 369.32602,
            "w": 994,
            "h": 738,
            "file_path": "./images/frame_00030.jpg",
            "transform_matrix": [
                [
                    0.5715452,
                    -0.20423959,
                    0.79474676,
                    0.051857457
                ],
                [
                    0.15815388,
                    0.97778803,
                    0.13754195,
                    -0.8528182
                ],
                [
                    -0.8051854,
                    0.047080822,
                    0.5911513,
                    -0.032961126
                ],
                [
                    0.0,
                    0.0,
                    0.0,
                    1.0
                ]
            ]
        },
        {
            "fl_x": 733.0826,
            "fl_y": 733.0826,
            "cx": 499.72749999999996,
            "cy": 369.13593,
            "w": 994,
            "h": 738,
            "file_path": "./images/frame_00031.jpg",
            "transform_matrix": [
                [
                    0.57629925,
                    -0.10603259,
                    0.81033105,
                    0.06218715
                ],
                [
                    0.090734534,
                    0.99371886,
                    0.0654996,
                    -0.92621684
                ],
                [
                    -0.81218624,
                    0.035777636,
                    0.5823002,
                    -0.04798796
                ],
                [
                    0.0,
                    0.0,
                    0.0,
                    1.0
                ]
            ]
        },
        {
            "fl_x": 734.8185,
            "fl_y": 734.8185,
            "cx": 499.8049,
            "cy": 369.11334,
            "w": 994,
            "h": 738,
            "file_path": "./images/frame_00032.jpg",
            "transform_matrix": [
                [
                    0.5539212,
                    -0.10826766,
                    0.8254996,
                    0.10723354
                ],
                [
                    0.089610055,
                    0.9935019,
                    0.07017242,
                    -0.96842873
                ],
                [
                    -0.8277326,
                    0.035103083,
                    0.56002355,
                    -0.026757877
                ],
                [
                    0.0,
                    0.0,
                    0.0,
                    1.0
                ]
            ]
        },
        {
            "fl_x": 735.04407,
            "fl_y": 735.04407,
            "cx": 499.6662,
            "cy": 369.11343,
            "w": 994,
            "h": 738,
            "file_path": "./images/frame_00033.jpg",
            "transform_matrix": [
                [
                    0.55861944,
                    -0.043464612,
                    0.82828456,
                    0.12821022
                ],
                [
                    0.07110018,
                    0.9974596,
                    0.0043901075,
                    -0.9854605
                ],
                [
                    -0.826371,
                    0.056438815,
                    0.5602905,
                    -0.019785684
                ],
                [
                    0.0,
                    0.0,
                    0.0,
                    1.0
                ]
            ]
        },
        {
            "fl_x": 735.63965,
            "fl_y": 735.63965,
            "cx": 499.8885,
            "cy": 369.15646,
            "w": 994,
            "h": 738,
            "file_path": "./images/frame_00034.jpg",
            "transform_matrix": [
                [
                    0.53323394,
                    0.019030148,
                    0.8457538,
                    0.16669814
                ],
                [
                    0.074880034,
                    0.9947612,
                    -0.06959356,
                    -1.0380293
                ],
                [
                    -0.8426473,
                    0.10043971,
                    0.5290153,
                    -0.003387658
                ],
                [
                    0.0,
                    0.0,
                    0.0,
                    1.0
                ]
            ]
        },
        {
            "fl_x": 735.44745,
            "fl_y": 735.44745,
            "cx": 499.9116,
            "cy": 369.24838,
            "w": 994,
            "h": 738,
            "file_path": "./images/frame_00035.jpg",
            "transform_matrix": [
                [
                    0.5100602,
                    0.014897254,
                    0.86000973,
                    0.17096223
                ],
                [
                    0.052683085,
                    0.9974318,
                    -0.048523374,
                    -1.0668403
                ],
                [
                    -0.8585237,
                    0.070057824,
                    0.5079653,
                    -0.0012295818
                ],
                [
                    0.0,
                    0.0,
                    0.0,
                    1.0
                ]
            ]
        },
        {
            "fl_x": 733.9656,
            "fl_y": 733.9656,
            "cx": 500.01746,
            "cy": 369.41583,
            "w": 994,
            "h": 738,
            "file_path": "./images/frame_00036.jpg",
            "transform_matrix": [
                [
                    0.4828752,
                    0.21972348,
                    0.8476752,
                    0.15240301
                ],
                [
                    -0.12512241,
                    0.9753888,
                    -0.18155222,
                    -1.1056198
                ],
                [
                    -0.866704,
                    -0.018396134,
                    0.49848327,
                    0.007442644
                ],
                [
                    0.0,
                    0.0,
                    0.0,
                    1.0
                ]
            ]
        },
        {
            "fl_x": 733.9641,
            "fl_y": 733.9641,
            "cx": 500.0181,
            "cy": 369.38107,
            "w": 994,
            "h": 738,
            "file_path": "./images/frame_00037.jpg",
            "transform_matrix": [
                [
                    0.43029627,
                    0.3418809,
                    0.8354416,
                    0.1493949
                ],
                [
                    -0.20941125,
                    0.9380625,
                    -0.27601776,
                    -1.1161466
                ],
                [
                    -0.87806153,
                    -0.056181453,
                    0.47523832,
                    0.011473738
                ],
                [
                    0.0,
                    0.0,
                    0.0,
                    1.0
                ]
            ]
        },
        {
            "fl_x": 733.62573,
            "fl_y": 733.62573,
            "cx": 499.9547,
            "cy": 368.79834,
            "w": 994,
            "h": 738,
            "file_path": "./images/frame_00038.jpg",
            "transform_matrix": [
                [
                    0.42118433,
                    0.45866668,
                    0.78245056,
                    0.11731307
                ],
                [
                    -0.32560316,
                    0.88165975,
                    -0.34155378,
                    -1.1824814
                ],
                [
                    -0.84651434,
                    -0.110911235,
                    0.52068436,
                    0.004671758
                ],
                [
                    0.0,
                    0.0,
                    0.0,
                    1.0
                ]
            ]
        },
        {
            "fl_x": 731.6262,
            "fl_y": 731.6262,
            "cx": 499.93695,
            "cy": 368.65707,
            "w": 994,
            "h": 738,
            "file_path": "./images/frame_00039.jpg",
            "transform_matrix": [
                [
                    0.44010645,
                    0.47613496,
                    0.7613159,
                    0.12131891
                ],
                [
                    -0.3920023,
                    0.8646615,
                    -0.3141571,
                    -1.2508807
                ],
                [
                    -0.8078617,
                    -0.16017498,
                    0.56718904,
                    0.039598793
                ],
                [
                    0.0,
                    0.0,
                    0.0,
                    1.0
                ]
            ]
        },
        {
            "fl_x": 730.26196,
            "fl_y": 730.26196,
            "cx": 499.90186000000006,
            "cy": 368.449,
            "w": 994,
            "h": 738,
            "file_path": "./images/frame_00040.jpg",
            "transform_matrix": [
                [
                    0.38478824,
                    0.5382872,
                    0.7497898,
                    0.08767407
                ],
                [
                    -0.41740364,
                    0.8260072,
                    -0.37879568,
                    -1.2666196
                ],
                [
                    -0.8232327,
                    -0.16720885,
                    0.5425209,
                    0.11845939
                ],
                [
                    0.0,
                    0.0,
                    0.0,
                    1.0
                ]
            ]
        },
        {
            "fl_x": 728.7611,
            "fl_y": 728.7611,
            "cx": 499.75890000000004,
            "cy": 368.42526,
            "w": 994,
            "h": 738,
            "file_path": "./images/frame_00041.jpg",
            "transform_matrix": [
                [
                    0.32378334,
                    0.65827566,
                    0.6795863,
                    0.045154616
                ],
                [
                    -0.4591003,
                    0.7373616,
                    -0.49550465,
                    -1.3150451
                ],
                [
                    -0.82727945,
                    -0.15156212,
                    0.54095984,
                    0.14984398
                ],
                [
                    0.0,
                    0.0,
                    0.0,
                    1.0
                ]
            ]
        },
        {
            "fl_x": 727.8574,
            "fl_y": 727.8574,
            "cx": 499.658,
            "cy": 368.59433,
            "w": 994,
            "h": 738,
            "file_path": "./images/frame_00042.jpg",
            "transform_matrix": [
                [
                    0.34423763,
                    0.7371473,
                    0.5814761,
                    -0.0021415502
                ],
                [
                    -0.48592678,
                    0.66980815,
                    -0.56145555,
                    -1.3902563
                ],
                [
                    -0.8033527,
                    -0.089280695,
                    0.5887727,
                    0.063036345
                ],
                [
                    0.0,
                    0.0,
                    0.0,
                    1.0
                ]
            ]
        },
        {
            "fl_x": 729.30585,
            "fl_y": 729.30585,
            "cx": 499.80499999999995,
            "cy": 368.92807,
            "w": 994,
            "h": 738,
            "file_path": "./images/frame_00043.jpg",
            "transform_matrix": [
                [
                    0.365687,
                    0.7758584,
                    0.5141175,
                    -0.06043659
                ],
                [
                    -0.39599565,
                    0.6295831,
                    -0.6684404,
                    -1.4224327
                ],
                [
                    -0.8422947,
                    0.040851697,
                    0.5374669,
                    -0.045818225
                ],
                [
                    0.0,
                    0.0,
                    0.0,
                    1.0
                ]
            ]
        },
        {
            "fl_x": 737.952,
            "fl_y": 737.952,
            "cx": 499.6753,
            "cy": 368.93472,
            "w": 994,
            "h": 738,
            "file_path": "./images/frame_00044.jpg",
            "transform_matrix": [
                [
                    0.3372791,
                    0.83533925,
                    0.43411,
                    -0.19381957
                ],
