{
    "w": 994,
    "h": 738,
    "fl_x": 723.2520550414989,
    "fl_y": 723.5739500605149,
    "cx": 496.4927245697431,
    "cy": 367.2616051626967,
    "k1": 0.029629811400459803,
    "k2": -0.025555953154168184,
    "p1": -0.0007288211502093452,
    "p2": -0.0031030494064137977,
    "camera_model": "OPENCV",
    "frames": [
        {
            "file_path": "images/frame_00068.jpg",
            "transform_matrix": [
                [
                    -0.08497364191188776,
                    0.9622555068428571,
                    -0.25854171758311467,
                    -2.965826672409345
                ],
                [
                    0.7127728029649404,
                    -0.12260862966249987,
                    -0.6905954353206994,
                    -1.7352901557032163
                ],
                [
                    -0.6962287063413376,
                    -0.24296391395201206,
                    -0.6754510529885843,
                    -2.0979739589004875
                ],
                [
                    0.0,
                    0.0,
                    0.0,
                    1.0
                ]
            ],
            "colmap_im_id": 70
        },
        {
            "file_path": "images/frame_00069.jpg",
            "transform_matrix": [
                [
                    -0.1440494924571302,
                    0.9714352923089689,
                    -0.18858212157951484,
                    -2.7317287111089774
                ],
                [
                    0.6028188808479745,
                    -0.06498617727764616,
                    -0.7952271333751344,
                    -1.5501139219229547
                ],
                [
                    -0.7847669339466582,
                    -0.22823292842932655,
                    -0.5762383098723435,
                    -2.2483040041784736
                ],
                [
                    0.0,
                    0.0,
                    0.0,
                    1.0
                ]
            ],
            "colmap_im_id": 69
        },
        {
            "file_path": "images/frame_00061.jpg",
            "transform_matrix": [
                [
                    -0.4056468251451945,
                    0.06730292156403461,
                    -0.9115486657324278,
                    -4.0035685159741625
                ],
                [
                    0.7635536506396019,
                    -0.5232433164765362,
                    -0.3784207372192654,
                    -0.7744314556447857
                ],
                [
                    -0.5024305681828695,
                    -0.8495214820777521,
                    0.1608625986482198,
                    -0.9961163274216586
                ],
                [
                    0.0,
                    0.0,
                    0.0,
                    1.0
                ]
            ],
            "colmap_im_id": 68
        },
        {
            "file_path": "images/frame_00060.jpg",
            "transform_matrix": [
                [
                    -0.4199796637657704,
                    0.04798550230773786,
                    -0.9062640198040882,
                    -4.014260054769422
                ],
                [
                    0.7646589471369541,
                    -0.5191258505902393,
                    -0.38184426905790453,
                    -0.741801520005944
                ],
                [
                    -0.48878806919420126,
                    -0.8533497189413228,
                    0.18132975651053554,
                    -0.9770239495584622
                ],
                [
                    0.0,
                    0.0,
                    0.0,
                    1.0
                ]
            ],
            "colmap_im_id": 67
        },
        {
            "file_path": "images/frame_00063.jpg",
            "transform_matrix": [
                [
                    -0.035794654417712596,
                    0.4850596891922413,
                    -0.8737481562989661,
                    -3.821739716673985
                ],
                [
                    0.7458168748132764,
                    -0.568987091780302,
                    -0.34642586310948476,
                    -1.585539747304507
                ],
                [
                    -0.6651886438889903,
                    -0.6640563133561191,
                    -0.34139900517284144,
                    -1.2747279255698551
                ],
                [
                    0.0,
                    0.0,
                    0.0,
                    1.0
                ]
            ],
            "colmap_im_id": 66
        },
        {
            "file_path": "images/frame_00056.jpg",
            "transform_matrix": [
                [
                    -0.40958044797792614,
                    -0.3211325279925811,
                    -0.8538839242539327,
                    -3.9545570567720065
                ],
                [
                    0.8263513620300428,
                    -0.5271548247573749,
                    -0.19811919948887982,
                    -0.3838485216299456
                ],
                [
                    -0.3865065110774908,
                    -0.7867538943024787,
                    0.48128061117667087,
                    -0.4148331584881022
                ],
                [
                    0.0,
                    0.0,
                    0.0,
                    1.0
                ]
            ],
            "colmap_im_id": 65
        },
        {
            "file_path": "images/frame_00070.jpg",
            "transform_matrix": [
                [
                    -0.22570259003395507,
                    0.9711779926004519,
                    -0.0766266764287835,
                    -2.6358188656165655
                ],
                [
                    0.49469195780173325,
                    0.04649488084889049,
                    -0.8678237683660984,
                    -1.427889072136082
                ],
                [
                    -0.839248597102344,
                    -0.23377667279565026,
                    -0.4909279575643895,
                    -2.440768991052743
                ],
                [
                    0.0,
                    0.0,
                    0.0,
                    1.0
                ]
            ],
            "colmap_im_id": 64
        },
        {
            "file_path": "images/frame_00067.jpg",
            "transform_matrix": [
                [
                    -0.06305996807100056,
                    0.9442530113589119,
                    -0.3231248844742706,
                    -2.996075796913866
                ],
                [
                    0.7549010753531044,
                    -0.16664834750483548,
                    -0.6343127735625652,
                    -1.7938130264905578
                ],
                [
                    -0.652799974615204,
                    -0.28392706601085765,
                    -0.7023087742075099,
                    -2.012542932610658
                ],
                [
                    0.0,
                    0.0,
                    0.0,
                    1.0
                ]
            ],
            "colmap_im_id": 63
        },
        {
            "file_path": "images/frame_00065.jpg",
            "transform_matrix": [
                [
                    0.04279533624648503,
                    0.7364300554878653,
                    -0.675158746199506,
                    -3.4715524551898693
                ],
                [
                    0.7896523132654801,
                    -0.4389282227871346,
                    -0.4287088048960545,
                    -1.7785933764020767
                ],
                [
                    -0.6120602775462773,
                    -0.5147939283005059,
                    -0.6003077777564665,
                    -1.5669107305998633
                ],
                [
                    0.0,
                    0.0,
                    0.0,
                    1.0
                ]
            ],
            "colmap_im_id": 62
        },
        {
            "file_path": "images/frame_00066.jpg",
            "transform_matrix": [
                [
                    0.053028312069560164,
                    0.8587452191214715,
                    -0.5096514953917715,
                    -3.485116190020039
                ],
                [
                    0.8000259042487142,
                    -0.341969645450379,
                    -0.49296583463924676,
                    -1.9335422898680463
                ],
                [
                    -0.5976173948690586,
                    -0.38159325233363034,
                    -0.7051524935241751,
                    -1.756849933494683
                ],
                [
                    0.0,
                    0.0,
                    0.0,
                    1.0
                ]
            ],
            "colmap_im_id": 61
        },
        {
            "file_path": "images/frame_00053.jpg",
            "transform_matrix": [
                [
                    -0.30642147674059383,
                    -0.5877423220997808,
                    -0.7487755614367174,
                    -3.7221248693855684
                ],
                [
                    0.8862348899972682,
                    -0.4632351907854632,
                    0.0009368935295328352,
                    -0.3451871900150097
                ],
                [
                    -0.34740984203623787,
                    -0.6633039430236437,
                    0.6628229634115304,
                    -0.24761780578192769
                ],
                [
                    0.0,
                    0.0,
                    0.0,
                    1.0
                ]
            ],
            "colmap_im_id": 60
        },
        {
            "file_path": "images/frame_00036.jpg",
            "transform_matrix": [
                [
                    -0.07358697082084958,
                    -0.9962769759792433,
                    0.04491263585079107,
                    3.1244056040136132
                ],
                [
                    0.9660548924693676,
                    -0.06002751518336685,
                    0.25126607840476445,
                    1.990210482489335
                ],
                [
                    -0.24763461482880378,
                    0.06187798117719253,
                    0.9668754899075811,
                    2.594370247636142
                ],
                [
                    0.0,
                    0.0,
                    0.0,
                    1.0
                ]
            ],
            "colmap_im_id": 29
        },
        {
            "file_path": "images/frame_00008.jpg",
            "transform_matrix": [
                [
                    -0.27660861366360606,
                    0.9319360533785562,
                    -0.23448425802236217,
                    0.27567727762589944
                ],
                [
                    0.6063491714063115,
                    -0.0200452370945097,
                    -0.7949458288491763,
                    -0.9539775246012309
                ],
                [
                    -0.7455389709344354,
                    -0.36206819921532,
                    -0.5595339685264848,
                    -2.038728990951822
                ],
                [
                    0.0,
                    0.0,
                    0.0,
                    1.0
                ]
            ],
            "colmap_im_id": 28
        },
        {
            "file_path": "images/frame_00044.jpg",
            "transform_matrix": [
                [
                    -0.16846042929941263,
                    -0.9431075662789226,
                    -0.28665170885188435,
                    -0.34378357808831067
                ],
                [
                    0.8420649796945608,
                    -0.288860344058561,
                    0.4555066098338957,
                    1.2988336506860114
                ],
                [
                    -0.5123940414683379,
                    -0.1646445263524349,
                    0.8428193912161287,
                    2.273205655463559
                ],
                [
                    0.0,
                    0.0,
                    0.0,
                    1.0
                ]
            ],
            "colmap_im_id": 27
        },
        {
            "file_path": "images/frame_00039.jpg",
            "transform_matrix": [
                [
                    -0.12790822424046722,
                    -0.9804173054660674,
                    -0.14973774846145557,
                    2.356908037166758
                ],
                [
                    0.9706044679391452,
                    -0.15477768965375188,
                    0.1843117836765074,
                    2.1530097057254642
                ],
                [
                    -0.20387852507858484,
                    -0.12176113471918143,
                    0.9713947565658764,
                    2.6323157911493817
                ],
                [
                    0.0,
                    0.0,
                    0.0,
                    1.0
                ]
            ],
            "colmap_im_id": 26
        },
        {
            "file_path": "images/frame_00014.jpg",
            "transform_matrix": [
                [
                    -0.12502549923491021,
                    0.991285063207726,
                    0.04150359023405449,
                    2.28334038104162
                ],
                [
                    0.6728409988230022,
                    0.11545606754907885,
                    -0.7307221679742357,
                    -0.49248387972263463
                ],
                [
                    -0.7291458117852192,
                    -0.06343358674517294,
                    -0.6814121845320322,
                    -1.3077748698516134
                ],
                [
                    0.0,
                    0.0,
                    0.0,
                    1.0
                ]
            ],
            "colmap_im_id": 25
        },
        {
            "file_path": "images/frame_00009.jpg",
            "transform_matrix": [
                [
                    -0.21556627139824774,
                    0.9608429514483686,
                    -0.17410343272734286,
                    0.9989513792753648
                ],
                [
                    0.6883285046714483,
                    0.023052385795086006,
                    -0.7250327283412261,
                    -0.8451295717558868
                ],
                [
                    -0.6926290870965675,
                    -0.27613295739759486,
                    -0.6663449088472371,
                    -1.795186542407233
                ],
                [
                    0.0,
                    0.0,
                    0.0,
                    1.0
                ]
            ],
            "colmap_im_id": 24
        },
        {
            "file_path": "images/frame_00018.jpg",
            "transform_matrix": [
                [
                    -0.041604658085057464,
                    0.7930329926755496,
                    0.6077563039193314,
                    3.9657159222261593
                ],
                [
                    0.6838894809149194,
                    0.46605960284437775,
                    -0.5613231016896263,
                    0.14066858131069657
                ],
                [
                    -0.728398400821657,
                    0.3922844874891208,
                    -0.5617371721328849,
                    -0.599941941517891
                ],
                [
                    0.0,
                    0.0,
                    0.0,
                    1.0
                ]
            ],
            "colmap_im_id": 23
        },
        {
            "file_path": "images/frame_00011.jpg",
            "transform_matrix": [
                [
                    -0.1522434378242264,
                    0.9733096564345294,
                    -0.17172724982005216,
                    1.7388264004192462
                ],
                [
                    0.8065674055616789,
                    0.02193473650157115,
                    -0.590735040115371,
                    -0.8243063048541126
                ],
                [
                    -0.5712013269635876,
                    -0.22844513570199815,
                    -0.7883792640912951,
                    -1.3541442643953243
                ],
                [
                    0.0,
                    0.0,
                    0.0,
                    1.0
                ]
            ],
            "colmap_im_id": 22
        },
        {
            "file_path": "images/frame_00002.jpg",
            "transform_matrix": [
                [
                    -0.26533947698811494,
                    0.8009326973201407,
                    -0.5367511307069198,
                    -3.381275739647388
                ],
                [
                    0.704300527572457,
                    -0.21917741335774593,
                    -0.6752199851418548,
                    -2.0360406476996045
                ],
                [
                    -0.6584494884293193,
                    -0.5571966222414586,
                    -0.5059409010446538,
                    -2.672314001679193
                ],
                [
                    0.0,
                    0.0,
                    0.0,
                    1.0
                ]
            ],
            "colmap_im_id": 21
        },
        {
            "file_path": "images/frame_00004.jpg",
            "transform_matrix": [
                [
                    -0.28563869624737953,
                    0.7813401020273694,
                    -0.554903757574192,
                    -1.9959023784903194
                ],
                [
                    0.6993635847142754,
                    -0.225927568186688,
                    -0.6781204246362501,
                    -1.4386465519765508
                ],
                [
                    -0.655210738298523,
                    -0.5817769150603258,
                    -0.4819071586116922,
                    -2.201357250667069
                ],
                [
                    0.0,
                    0.0,
                    0.0,
                    1.0
                ]
            ],
            "colmap_im_id": 20
        },
        {
            "file_path": "images/frame_00035.jpg",
            "transform_matrix": [
                [
                    -0.09264019224845674,
                    -0.9923163883298808,
                    0.08201207369717324,
                    3.1999971812142465
                ],
                [
                    0.9610730707870964,
                    -0.06758211162740575,
                    0.26790149457560275,
                    1.9414359975629603
                ],
                [
                    -0.2603004944060418,
                    0.10363804147089269,
                    0.9599493783382788,
                    2.5855260643004225
                ],
                [
                    0.0,
                    0.0,
                    0.0,
                    1.0
                ]
            ],
            "colmap_im_id": 19
        },
        {
            "file_path": "images/frame_00032.jpg",
            "transform_matrix": [
                [
                    -0.3583268494740283,
                    -0.8554982106920922,
                    0.3737976463925979,
                    3.62537510673475
                ],
                [
                    0.9016280260862366,
                    -0.21323077102093194,
                    0.3762971443761639,
                    1.3616898837808042
                ],
                [
                    -0.24221637335624877,
                    0.4718638042830235,
                    0.8477474734174669,
                    1.7690917842225786
                ],
                [
                    0.0,
                    0.0,
                    0.0,
                    1.0
                ]
            ],
            "colmap_im_id": 18
        },
        {
            "file_path": "images/frame_00001.jpg",
            "transform_matrix": [
                [
                    -0.24291350503446996,
                    0.8241013105123857,
                    -0.5117128678112718,
                    -3.9429970083112353
                ],
                [
                    0.6726931567375938,
                    -0.23696092342956968,
                    -0.7009518083618993,
                    -2.364460653142958
                ],
                [
                    -0.6989112575644203,
                    -0.5144964050206504,
                    -0.49680630357368305,
                    -3.1215616990490616
                ],
                [
                    0.0,
                    0.0,
                    0.0,
                    1.0
                ]
            ],
            "colmap_im_id": 17
        },
        {
            "file_path": "images/frame_00020.jpg",
            "transform_matrix": [
                [
                    -0.016262775933169462,
                    0.5426664946053356,
                    0.8397908059461621,
                    4.865869734987819
                ],
                [
                    0.8185777137072541,
                    0.48953256263543277,
                    -0.3004802767926555,
                    0.03489320177293719
                ],
                [
                    -0.5741655238176114,
                    0.6825473945099658,
                    -0.4521758568376958,
                    -0.037680340565991115
                ],
                [
                    0.0,
                    0.0,
                    0.0,
                    1.0
                ]
            ],
            "colmap_im_id": 16
        },
        {
            "file_path": "images/frame_00022.jpg",
            "transform_matrix": [
                [
                    0.05625733173981581,
                    0.27546178531367965,
                    0.9596644817108302,
                    4.9620539738640375
                ],
                [
                    0.8656311265118306,
                    0.46550308242281074,
                    -0.1843627757133218,
                    0.1986568216022816
                ],
                [
                    -0.49751167367145777,
                    0.8410872042105159,
                    -0.21226033419827367,
                    0.46548383089967627
                ],
                [
                    0.0,
                    0.0,
                    0.0,
                    1.0
                ]
            ],
            "colmap_im_id": 15
        },
        {
            "file_path": "images/frame_00043.jpg",
            "transform_matrix": [
                [
                    -0.18158931922420526,
                    -0.9388116993234151,
                    -0.2926737302136479,
                    -0.304048425403441
                ],
                [
                    0.846547123183507,
                    -0.3006816937902311,
                    0.43925902068046985,
                    1.313225065238781
                ],
                [
                    -0.500383140576716,
                    -0.16799735781529196,
                    0.8493489273518059,
                    2.28579153279456
                ],
                [
                    0.0,
                    0.0,
                    0.0,
                    1.0
                ]
            ],
            "colmap_im_id": 14
        },
        {
            "file_path": "images/frame_00030.jpg",
            "transform_matrix": [
                [
                    -0.24159254521536877,
                    -0.8409177211291826,
                    0.48424211752723695,
                    3.646882864354511
                ],
                [
                    0.9341118164501254,
                    -0.06638556340978871,
                    0.35075357637380106,
                    1.4100502628888558
                ],
                [
                    -0.2628082123233727,
                    0.5370757332645623,
                    0.8015494371988081,
                    1.632690622001857
                ],
                [
                    0.0,
                    0.0,
                    0.0,
                    1.0
                ]
            ],
            "colmap_im_id": 1
        },
        {
            "file_path": "images/frame_00033.jpg",
            "transform_matrix": [
                [
                    -0.46784164313422677,
                    -0.7802432603656991,
                    0.4151441335287907,
                    3.8077037677641825
                ],
                [
                    0.8183248306752362,
                    -0.2049731582909672,
                    0.5369641290445498,
                    1.264606871343999
                ],
                [
                    -0.33386923854978434,
                    0.5909369332121066,
                    0.734387413097513,
                    2.3472171108304054
                ],
                [
                    0.0,
                    0.0,
                    0.0,
                    1.0
                ]
            ],
            "colmap_im_id": 2
        },
        {
            "file_path": "images/frame_00024.jpg",
            "transform_matrix": [
                [
                    0.1887119252770272,
                    0.17472056944525752,
                    0.9663645957251135,
                    4.530402398232838
                ],
                [
                    0.8116168809506826,
                    0.5262551111959397,
                    -0.2536406838345032,
                    0.434650579904367
                ],
                [
                    -0.552870552493188,
                    0.832182840818575,
                    -0.0424955483904252,
                    0.5486132190534282
                ],
                [
                    0.0,
                    0.0,
                    0.0,
                    1.0
                ]
            ],
            "colmap_im_id": 3
        },
        {
            "file_path": "images/frame_00029.jpg",
            "transform_matrix": [
                [
                    0.020191574831185225,
                    -0.7179806938954513,
                    0.6957700938523035,
                    3.7444176169589243
                ],
                [
                    0.9732683448569172,
                    0.17335971504815137,
                    0.15064905608035173,
                    1.5213396708271318
                ],
                [
                    -0.22878161902852648,
                    0.6741291659554794,
                    0.7022882872459542,
                    1.4276577575079723
                ],
                [
                    0.0,
                    0.0,
                    0.0,
                    1.0
                ]
            ],
            "colmap_im_id": 4
        },
        {
            "file_path": "images/frame_00031.jpg",
            "transform_matrix": [
                [
                    -0.33831793347787115,
                    -0.8496389638025862,
                    0.4045424663440545,
                    3.633485195848353
                ],
                [
                    0.9113766975947062,
                    -0.1887628758095607,
                    0.36573363503712875,
                    1.3813346656756766
                ],
                [
                    -0.23437894736650303,
                    0.4924248246225734,
                    0.8382030190394195,
                    1.720169278971953
                ],
                [
                    0.0,
                    0.0,
                    0.0,
                    1.0
                ]
            ],
            "colmap_im_id": 5
        },
        {
            "file_path": "images/frame_00023.jpg",
            "transform_matrix": [
                [
                    0.1338690130531663,
                    0.06858715725625036,
                    0.9886227233903119,
                    4.757511207643656
                ],
                [
                    0.8677010516210465,
                    0.47379857750499715,
                    -0.15036553118973534,
                    0.25903493334731276
                ],
                [
                    -0.4787211843650761,
                    0.8779582619998214,
                    0.003913799477641592,
                    0.5373508012603777
                ],
                [
                    0.0,
                    0.0,
                    0.0,
                    1.0
                ]
            ],
            "colmap_im_id": 6
        },
        {
            "file_path": "images/frame_00034.jpg",
            "transform_matrix": [
                [
                    -0.14315511733078903,
                    -0.9551793579591399,
                    0.2591119574831955,
                    3.685818654852925
                ],
                [
                    0.9139626453427279,
                    -0.027143293093177152,
                    0.40488952142304274,
                    1.6318173852160098
                ],
                [
                    -0.3797089613113321,
                    0.29478065704659656,
                    0.876883954084602,
                    2.6907291690411683
                ],
                [
                    0.0,
                    0.0,
                    0.0,
                    1.0
                ]
            ],
            "colmap_im_id": 7
        },
        {
            "file_path": "images/frame_00040.jpg",
            "transform_matrix": [
                [
                    -0.20319058523501488,
                    -0.9198349500513532,
                    -0.33558493818387725,
                    1.9748295749083846
                ],
                [
                    0.8849044938245609,
                    -0.3192184048438177,
                    0.33918084677361415,
                    1.718045774327718
                ],
                [
                    -0.41911528590705155,
                    -0.22804226510231188,
                    0.8788282553753363,
                    2.614682662950685
                ],
                [
                    0.0,
                    0.0,
                    0.0,
                    1.0
                ]
            ],
            "colmap_im_id": 8
        },
        {
            "file_path": "images/frame_00021.jpg",
            "transform_matrix": [
                [
                    0.025688659184442037,
                    0.3874886954107255,
                    0.9215164695859752,
                    5.0261138255977595
                ],
                [
                    0.8682240849997058,
                    0.44827117457817683,
                    -0.21269671428756398,
                    0.13246922138137626
                ],
                [
                    -0.49550684255187577,
                    0.8055466870214264,
                    -0.32491153259475847,
                    0.3820882223849457
                ],
                [
                    0.0,
                    0.0,
                    0.0,
                    1.0
                ]
            ],
            "colmap_im_id": 9
        },
        {
            "file_path": "images/frame_00042.jpg",
            "transform_matrix": [
                [
                    -0.2110688224848339,
                    -0.9331963365077522,
                    -0.2908514220411787,
                    0.4755023126063916
                ],
                [
                    0.9030579118212138,
                    -0.30004292581815334,
                    0.30734451445176497,
                    1.4473899822682665
                ],
                [
                    -0.3740806865797467,
                    -0.1977848330762303,
                    0.9060600420132393,
                    2.287981468399602
                ],
                [
                    0.0,
                    0.0,
                    0.0,
                    1.0
                ]
            ],
            "colmap_im_id": 10
        },
        {
            "file_path": "images/frame_00012.jpg",
            "transform_matrix": [
                [
                    -0.14582749745264575,
                    0.970311457598115,
                    -0.19295081300818592,
                    1.8009677089561376
                ],
                [
                    0.8141136838634803,
                    0.006884833387122643,
                    -0.580664712907083,
                    -0.7990030231216375
                ],
                [
                    -0.5620971897571915,
                    -0.24176077912484667,
                    -0.790947833263367,
                    -1.2897702781171767
                ],
                [
                    0.0,
                    0.0,
                    0.0,
                    1.0
                ]
            ],
            "colmap_im_id": 11
        },
        {
            "file_path": "images/frame_00028.jpg",
            "transform_matrix": [
                [
                    0.21264340391582845,
                    -0.5927834406533912,
                    0.7767821929332682,
                    4.023742648280819
                ],
                [
                    0.9569539179145465,
                    0.287050508137112,
                    -0.04290926200979393,
                    1.603594051803374
                ],
                [
                    -0.19753982322329142,
                    0.7524691344270229,
                    0.6283058331541713,
                    1.2441873523321383
                ],
                [
                    0.0,
                    0.0,
                    0.0,
                    1.0
                ]
            ],
            "colmap_im_id": 12
        },
        {
            "file_path": "images/frame_00027.jpg",
            "transform_matrix": [
                [
                    0.3791098014417719,
                    -0.4110506278761126,
                    0.8290435089749111,
                    4.217058076868054
                ],
                [
                    0.8975880140927279,
                    0.3811670056908666,
                    -0.2214666357032854,
                    1.6576608608067125
                ],
                [
                    -0.2249700322439703,
                    0.8280996891047071,
                    0.513458264610508,
                    1.0757293869362738
                ],
                [
                    0.0,
                    0.0,
                    0.0,
                    1.0
                ]
            ],
            "colmap_im_id": 13
        },
        {
            "file_path": "images/frame_00026.jpg",
            "transform_matrix": [
                [
                    0.5001564876182248,
                    -0.22863652649848357,
                    0.8352058588420632,
                    4.34688639398757
                ],
                [
                    0.822114265704559,
                    0.42831481944924493,
                    -0.3750660602683399,
                    1.5107516102904006
                ],
                [
                    -0.27197724540566603,
                    0.8742263746827068,
                    0.40218978578611037,
                    0.8743532815779346
                ],
                [
                    0.0,
                    0.0,
                    0.0,
                    1.0
                ]
            ],
            "colmap_im_id": 30
        },
        {
            "file_path": "images/frame_00016.jpg",
            "transform_matrix": [
                [
                    -0.06809584184169083,
                    0.967054091463724,
                    0.245294395588532,
                    3.4543946413379407
                ],
                [
                    0.5604166601515137,
                    0.2404875354104145,
                    -0.792526915843776,
                    0.20612181123001289
                ],
                [
                    -0.825406641206923,
                    0.08349927841302852,
                    -0.5583294253001623,
                    -1.0180087554654407
                ],
                [
                    0.0,
                    0.0,
                    0.0,
                    1.0
                ]
            ],
            "colmap_im_id": 31
        },
        {
            "file_path": "images/frame_00041.jpg",
            "transform_matrix": [
                [
                    -0.24106174428269384,
                    -0.9244612791527438,
                    -0.295399016231703,
                    1.206170306674988
                ],
                [
                    0.8578405295317229,
                    -0.3453110173805804,
                    0.3806178229777502,
                    1.4936481401618824
                ],
                [
                    -0.45387097432653545,
                    -0.1616528521952561,
                    0.876281629409758,
                    2.4384283961807167
                ],
                [
                    0.0,
                    0.0,
                    0.0,
                    1.0
                ]
            ],
            "colmap_im_id": 32
        },
        {
            "file_path": "images/frame_00015.jpg",
            "transform_matrix": [
                [
                    -0.06625194342114445,
                    0.9754608914657182,
                    0.20996840051261917,
                    2.702373832142113
                ],
                [
                    0.561459327247821,
                    0.21040048653945836,
                    -0.8003093521322762,
                    -0.05473732818954172
                ],
                [
                    -0.8248479277050684,
                    0.06486666697823586,
                    -0.5616210570088953,
                    -1.2564739086730285
                ],
                [
                    0.0,
                    0.0,
                    0.0,
                    1.0
                ]
            ],
            "colmap_im_id": 33
        },
        {
            "file_path": "images/frame_00007.jpg",
            "transform_matrix": [
                [
                    -0.2724261133724912,
                    0.9335847487265159,
                    -0.23281651508861437,
                    -0.4872856928413009
                ],
                [
                    0.6058502529851219,
                    -0.021536930889912678,
                    -0.7952871378098021,
                    -1.1264108210572759
                ],
                [
                    -0.7474820959130877,
                    -0.35770892853420866,
                    -0.5597453338227001,
                    -2.138493357816601
                ],
                [
                    0.0,
                    0.0,
                    0.0,
                    1.0
