{
    "camera_model": "OPENCV",
    "orientation_override": "none",
    "frames": [
        {
            "fl_x": 726.7692789089793,
            "fl_y": 726.7692789089793,
            "cx": 499.70636,
            "cy": 369.8278,
            "w": 994,
            "h": 738,
            "file_path": "./images/frame_00001.jpg",
            "transform_matrix": [
                [
                    0.15819741785526276,
                    0.9697126746177673,
                    0.1860937774181366,
                    0.5468834638595581
                ],
                [
                    -0.4153090715408325,
                    0.23633182048797607,
                    -0.878445029258728,
                    1.1561806201934814
                ],
                [
                    -0.8958191275596619,
                    0.06168130785226822,
                    0.44011756777763367,
                    -0.0750182494521141
                ],
                [
                    0.0,
                    0.0,
                    0.0,
                    1.0
                ]
            ]
        },
        {
            "fl_x": 723.8159365895056,
            "fl_y": 723.8159365895056,
            "cx": 499.7147,
            "cy": 369.81836,
            "w": 994,
            "h": 738,
            "file_path": "./images/frame_00002.jpg",
            "transform_matrix": [
                [
                    0.15722233057022095,
                    0.9690735340118408,
                    0.19020415842533112,
                    0.5467159152030945
                ],
                [
                    -0.4168137311935425,
                    0.23971955478191376,
                    -0.8768128752708435,
                    1.1570920944213867
                ],
                [
                    -0.895291805267334,
                    0.0585748590528965,
                    0.4416124224662781,
                    -0.07605726271867752
                ],
                [
                    0.0,
                    0.0,
                    0.0,
                    1.0
                ]
            ]
        },
        {
            "fl_x": 722.9428410486834,
            "fl_y": 722.9428410486834,
            "cx": 499.84906,
            "cy": 369.4934,
            "w": 994,
            "h": 738,
            "file_path": "./images/frame_00003.jpg",
            "transform_matrix": [
                [
                    0.12712262570858002,
                    0.9132183790206909,
                    0.3871331214904785,
                    0.5945504307746887
                ],
                [
                    -0.37365201115608215,
                    0.40563705563545227,
                    -0.8341718912124634,
                    1.2290818691253662
                ],
                [
                    -0.9188166260719299,
                    -0.038610950112342834,
                    0.3927915096282959,
                    -0.047934114933013916
                ],
                [
                    0.0,
                    0.0,
                    0.0,
                    1.0
                ]
            ]
        },
        {
            "fl_x": 722.6789894015624,
            "fl_y": 722.6789894015624,
            "cx": 499.75390000000004,
            "cy": 369.42813,
            "w": 994,
            "h": 738,
            "file_path": "./images/frame_00004.jpg",
            "transform_matrix": [
                [
                    0.15999025106430054,
                    0.8311973214149475,
                    0.5324604511260986,
                    0.7061708569526672
                ],
                [
                    -0.3228168785572052,
                    0.5538060069084167,
                    -0.7675207853317261,
                    1.2623966932296753
                ],
                [
                    -0.9328410029411316,
                    -0.0490913912653923,
                    0.3569280803203583,
                    -0.08716932684183121
                ],
                [
                    0.0,
                    0.0,
                    0.0,
                    1.0
                ]
            ]
        },
        {
            "fl_x": 723.206783307657,
            "fl_y": 723.206783307657,
            "cx": 500.01196000000004,
            "cy": 369.5568,
            "w": 994,
            "h": 738,
            "file_path": "./images/frame_00005.jpg",
            "transform_matrix": [
                [
                    0.2777186334133148,
                    0.7024293541908264,
                    0.6553360819816589,
                    0.7639139890670776
                ],
                [
                    -0.25648266077041626,
                    0.7116242051124573,
                    -0.6540700793266296,
                    1.3639370203018188
                ],
                [
                    -0.9257910251617432,
                    0.013565115630626678,
                    0.37779226899147034,
                    -0.12498444318771362
                ],
                [
                    0.0,
                    0.0,
                    0.0,
                    1.0
                ]
            ]
        },
        {
            "fl_x": 723.8287229287218,
            "fl_y": 723.8287229287218,
            "cx": 499.8814,
            "cy": 369.5574,
            "w": 994,
            "h": 738,
            "file_path": "./images/frame_00006.jpg",
            "transform_matrix": [
                [
                    0.25458115339279175,
                    0.5794231295585632,
                    0.7742462754249573,
                    0.8310037851333618
                ],
                [
                    -0.19364294409751892,
                    0.814954400062561,
                    -0.546215832233429,
                    1.3991217613220215
                ],
                [
                    -0.9474654793739319,
                    -0.010871079750359058,
                    0.31967324018478394,
                    -0.09146194905042648
                ],
                [
                    0.0,
                    0.0,
                    0.0,
                    1.0
                ]
            ]
        },
        {
            "fl_x": 723.8159365895056,
            "fl_y": 723.8159365895056,
            "cx": 499.9629,
            "cy": 369.58398,
            "w": 994,
            "h": 738,
            "file_path": "./images/frame_00007.jpg",
            "transform_matrix": [
                [
                    0.28591063618659973,
                    0.4286997616291046,
                    0.8570132255554199,
                    0.8919866681098938
                ],
                [
                    -0.15998847782611847,
                    0.9031490087509155,
                    -0.3984038233757019,
                    1.4640743732452393
                ],
                [
                    -0.9448062181472778,
                    -0.02320435456931591,
                    0.326806902885437,
                    -0.05701277777552605
                ],
                [
                    0.0,
                    0.0,
                    0.0,
                    1.0
                ]
            ]
        },
        {
            "fl_x": 723.7887530336911,
            "fl_y": 723.7887530336911,
            "cx": 499.92229999999995,
            "cy": 369.5326,
            "w": 994,
            "h": 738,
            "file_path": "./images/frame_00008.jpg",
            "transform_matrix": [
                [
                    0.2949603796005249,
                    0.40066027641296387,
                    0.8674501180648804,
                    0.8992088437080383
                ],
                [
                    -0.1598408967256546,
                    0.9157377481460571,
                    -0.3686125874519348,
                    1.4873383045196533
                ],
                [
                    -0.942045271396637,
                    -0.029927905648946762,
                    0.33414825797080994,
                    -0.06612742692232132
                ],
                [
                    0.0,
                    0.0,
                    0.0,
                    1.0
                ]
            ]
        },
        {
            "fl_x": 724.4171965721843,
            "fl_y": 724.4171965721843,
            "cx": 499.97595,
            "cy": 369.47726,
            "w": 994,
            "h": 738,
            "file_path": "./images/frame_00009.jpg",
            "transform_matrix": [
                [
                    0.36790087819099426,
                    0.20584040880203247,
                    0.9067957997322083,
                    0.8854982256889343
                ],
                [
                    -0.07235869765281677,
                    0.9785711765289307,
                    -0.19277621805667877,
                    1.6024246215820312
                ],
                [
                    -0.9270454049110413,
                    0.0053079742938280106,
                    0.37491151690483093,
                    -0.10061671584844589
                ],
                [
                    0.0,
                    0.0,
                    0.0,
                    1.0
                ]
            ]
        },
        {
            "fl_x": 724.7034293469256,
            "fl_y": 724.7034293469256,
            "cx": 499.70889999999997,
            "cy": 369.61484,
            "w": 994,
            "h": 738,
            "file_path": "./images/frame_00010.jpg",
            "transform_matrix": [
                [
                    0.28262773156166077,
                    0.01391047053039074,
                    0.9591287970542908,
                    0.9292864799499512
                ],
                [
                    0.020920787006616592,
                    0.9995676279067993,
                    -0.020661721006035805,
                    1.669167399406433
                ],
                [
                    -0.9590014815330505,
                    0.02590530551970005,
                    0.282214492559433,
                    -0.12316056340932846
                ],
                [
                    0.0,
                    0.0,
                    0.0,
                    1.0
                ]
            ]
        },
        {
            "fl_x": 723.5584680440091,
            "fl_y": 723.5584680440091,
            "cx": 500.00476000000003,
            "cy": 369.69458,
            "w": 994,
            "h": 738,
            "file_path": "./images/frame_00011.jpg",
            "transform_matrix": [
                [
                    0.21175646781921387,
                    -0.1976272463798523,
                    0.9571325182914734,
                    0.987882673740387
                ],
                [
                    0.10474342107772827,
                    0.9782900214195251,
                    0.1788223385810852,
                    1.777989387512207
                ],
                [
                    -0.9716933965682983,
                    0.06238655000925064,
                    0.22785939276218414,
                    -0.15521679818630219
                ],
                [
                    0.0,
                    0.0,
                    0.0,
                    1.0
                ]
            ]
        },
        {
            "fl_x": 723.203470941041,
            "fl_y": 723.203470941041,
            "cx": 500.1291,
            "cy": 369.8213,
            "w": 994,
            "h": 738,
            "file_path": "./images/frame_00012.jpg",
            "transform_matrix": [
                [
                    0.26015010476112366,
                    -0.39371457695961,
                    0.881652295589447,
                    0.9146309494972229
                ],
                [
                    0.1531396508216858,
                    0.9183584451675415,
                    0.36491915583610535,
                    1.9051873683929443
                ],
                [
                    -0.953346848487854,
                    0.040082160383462906,
                    0.29920434951782227,
                    -0.11139684915542603
                ],
                [
                    0.0,
                    0.0,
                    0.0,
                    1.0
                ]
            ]
        },
        {
            "fl_x": 722.6390497104826,
            "fl_y": 722.6390497104826,
            "cx": 499.8124,
            "cy": 369.70227,
            "w": 994,
            "h": 738,
            "file_path": "./images/frame_00013.jpg",
            "transform_matrix": [
                [
                    0.16444392502307892,
                    -0.5702535510063171,
                    0.8048410415649414,
                    0.8784894347190857
                ],
                [
                    0.24912719428539276,
                    0.8135069012641907,
                    0.5254923105239868,
                    1.996187448501587
                ],
                [
                    -0.9544075727462769,
                    0.11409376561641693,
                    0.27584192156791687,
                    -0.06005020812153816
                ],
                [
                    0.0,
                    0.0,
                    0.0,
                    1.0
                ]
            ]
        },
        {
            "fl_x": 721.489376591225,
            "fl_y": 721.489376591225,
            "cx": 500.07732999999996,
            "cy": 369.97626,
            "w": 994,
            "h": 738,
            "file_path": "./images/frame_00014.jpg",
            "transform_matrix": [
                [
                    0.0845564529299736,
                    -0.7425108551979065,
                    0.6644756197929382,
                    0.874938428401947
                ],
                [
                    0.2645742893218994,
                    0.6596567034721375,
                    0.7034581899642944,
                    2.1138739585876465
                ],
                [
                    -0.960651159286499,
                    0.11632123589515686,
                    0.2522275149822235,
                    -0.09474986791610718
                ],
                [
                    0.0,
                    0.0,
                    0.0,
                    1.0
                ]
            ]
        },
        {
            "fl_x": 720.6563012853516,
            "fl_y": 720.6563012853516,
            "cx": 499.97473,
            "cy": 369.82858,
            "w": 994,
            "h": 738,
            "file_path": "./images/frame_00015.jpg",
            "transform_matrix": [
                [
                    0.07568278163671494,
                    -0.8573824763298035,
                    0.5090848803520203,
                    0.7278584241867065
                ],
                [
                    0.27217066287994385,
                    0.5089248418807983,
                    0.8166508674621582,
                    2.2258994579315186
                ],
                [
                    -0.9592680931091309,
                    0.07675155997276306,
                    0.2718712091445923,
                    -0.11095970869064331
                ],
                [
                    0.0,
                    0.0,
                    0.0,
                    1.0
                ]
            ]
        },
        {
            "fl_x": 720.8801629014746,
            "fl_y": 720.8801629014746,
            "cx": 499.85929999999996,
            "cy": 369.87265,
            "w": 994,
            "h": 738,
            "file_path": "./images/frame_00016.jpg",
            "transform_matrix": [
                [
                    0.026467831805348396,
                    -0.9475905299186707,
                    0.31838908791542053,
                    0.6382981538772583
                ],
                [
                    0.26264718174934387,
                    0.31390273571014404,
                    0.9124042391777039,
                    2.2821688652038574
                ],
                [
                    -0.9645288586616516,
                    0.0594746358692646,
                    0.2571903169155121,
                    -0.11193578690290451
                ],
                [
                    0.0,
                    0.0,
                    0.0,
                    1.0
                ]
            ]
        },
        {
            "fl_x": 722.085854281677,
            "fl_y": 722.085854281677,
            "cx": 500.0096,
            "cy": 370.04468,
            "w": 994,
            "h": 738,
            "file_path": "./images/frame_00017.jpg",
            "transform_matrix": [
                [
                    -0.02388586848974228,
                    -0.990532636642456,
                    0.13518348336219788,
                    0.4791795015335083
                ],
                [
                    0.32031112909317017,
                    0.12051055580377579,
                    0.9396158456802368,
                    2.2603189945220947
                ],
                [
                    -0.9470112323760986,
                    0.0657443106174469,
                    0.3144001364707947,
                    -0.16102169454097748
                ],
                [
                    0.0,
                    0.0,
                    0.0,
                    1.0
                ]
            ]
        },
        {
            "fl_x": 722.7350378664581,
            "fl_y": 722.7350378664581,
            "cx": 499.85846000000004,
            "cy": 369.86707,
            "w": 994,
            "h": 738,
            "file_path": "./images/frame_00018.jpg",
            "transform_matrix": [
                [
                    -0.1179722249507904,
                    -0.9919506311416626,
                    -0.04600483924150467,
                    0.3626929819583893
                ],
                [
                    0.2720239460468292,
                    -0.0768384337425232,
                    0.9592178463935852,
                    2.270984649658203
                ],
                [
                    -0.95503169298172,
                    0.10064664483070374,
                    0.2788991332054138,
                    -0.13014397025108337
                ],
                [
                    0.0,
                    0.0,
                    0.0,
                    1.0
                ]
            ]
        },
        {
            "fl_x": 722.3960186535187,
            "fl_y": 722.3960186535187,
            "cx": 499.96265000000005,
            "cy": 369.96634,
            "w": 994,
            "h": 738,
            "file_path": "./images/frame_00019.jpg",
            "transform_matrix": [
                [
                    -0.1913023442029953,
                    -0.9480957388877869,
                    -0.25400376319885254,
                    0.2669820785522461
                ],
                [
                    0.24772492051124573,
                    -0.2970428466796875,
                    0.9221702218055725,
                    2.2992234230041504
                ],
                [
                    -0.9497556686401367,
                    0.11349025368690491,
                    0.29169192910194397,
                    -0.11340918391942978
                ],
                [
                    0.0,
                    0.0,
                    0.0,
                    1.0
                ]
            ]
        },
        {
            "fl_x": 722.399210204331,
            "fl_y": 722.399210204331,
            "cx": 499.9557,
            "cy": 370.01956,
            "w": 994,
            "h": 738,
            "file_path": "./images/frame_00020.jpg",
            "transform_matrix": [
                [
                    -0.21526698768138885,
                    -0.9322566986083984,
                    -0.29078778624534607,
                    0.2558673024177551
                ],
                [
                    0.2478799670934677,
                    -0.34017932415008545,
                    0.9071017503738403,
                    2.2941884994506836
                ],
                [
                    -0.9445716738700867,
                    0.12318859249353409,
                    0.3043171465396881,
                    -0.11158043146133423
                ],
                [
                    0.0,
                    0.0,
                    0.0,
                    1.0
                ]
            ]
        },
        {
            "fl_x": 722.3655932069738,
            "fl_y": 722.3655932069738,
            "cx": 499.83385999999996,
            "cy": 370.0151,
            "w": 994,
            "h": 738,
            "file_path": "./images/frame_00021.jpg",
            "transform_matrix": [
                [
                    -0.25187137722969055,
                    -0.8825339078903198,
                    -0.3971079885959625,
                    0.10552895814180374
                ],
                [
                    0.24725042283535004,
                    -0.455401748418808,
                    0.8552640080451965,
                    2.2094736099243164
                ],
                [
                    -0.9356431365013123,
                    0.11723138391971588,
                    0.33290955424308777,
                    -0.11818873882293701
                ],
                [
                    0.0,
                    0.0,
                    0.0,
                    1.0
                ]
            ]
        },
        {
            "fl_x": 722.4040025645412,
            "fl_y": 722.4040025645412,
            "cx": 499.88244999999995,
            "cy": 369.95975,
            "w": 994,
            "h": 738,
            "file_path": "./images/frame_00022.jpg",
            "transform_matrix": [
                [
                    -0.24271723628044128,
                    -0.7791187763214111,
                    -0.5779812335968018,
                    0.02879413403570652
                ],
                [
                    0.14365984499454498,
                    -0.6180956363677979,
                    0.772864580154419,
                    2.176851749420166
                ],
                [
                    -0.9594009518623352,
                    0.10455486178398132,
                    0.2619505524635315,
                    -0.12496153265237808
                ],
                [
                    0.0,
                    0.0,
                    0.0,
                    1.0
                ]
            ]
        },
        {
            "fl_x": 722.0106464439241,
            "fl_y": 722.0106464439241,
            "cx": 499.95667000000003,
            "cy": 370.03027,
            "w": 994,
            "h": 738,
            "file_path": "./images/frame_00023.jpg",
            "transform_matrix": [
                [
                    -0.28334957361221313,
                    -0.6416657567024231,
                    -0.712725818157196,
                    -0.049175433814525604
                ],
                [
                    0.13760553300380707,
                    -0.7626966238021851,
                    0.6319482922554016,
                    2.093888282775879
                ],
                [
                    -0.9490931034088135,
                    0.08098725229501724,
                    0.3044064939022064,
                    -0.1657119244337082
                ],
                [
                    0.0,
                    0.0,
                    0.0,
                    1.0
                ]
            ]
        },
        {
            "fl_x": 724.1053911190102,
            "fl_y": 724.1053911190102,
            "cx": 500.02295000000004,
            "cy": 369.84842,
            "w": 994,
            "h": 738,
            "file_path": "./images/frame_00024.jpg",
            "transform_matrix": [
                [
                    -0.3069152534008026,
                    -0.5119867324829102,
                    -0.8022921085357666,
                    -0.07705776393413544
                ],
                [
                    0.09744935482740402,
                    -0.8554515838623047,
                    0.5086316466331482,
                    1.970381498336792
                ],
                [
                    -0.9467347264289856,
                    0.0779239684343338,
                    0.31244391202926636,
                    -0.19052691757678986
                ],
                [
                    0.0,
                    0.0,
                    0.0,
                    1.0
                ]
            ]
        },
        {
            "fl_x": 724.2269116814838,
            "fl_y": 724.2269116814838,
            "cx": 499.7966,
            "cy": 369.88235,
            "w": 994,
            "h": 738,
            "file_path": "./images/frame_00025.jpg",
            "transform_matrix": [
                [
                    -0.3264436423778534,
                    -0.3717823028564453,
                    -0.8690296411514282,
                    -0.14566157758235931
                ],
                [
                    0.004332111682742834,
                    -0.9199760556221008,
                    0.3919505476951599,
                    1.8580663204193115
                ],
                [
                    -0.9452067613601685,
                    0.12418502569198608,
                    0.3019309341907501,
                    -0.17636309564113617
                ],
                [
                    0.0,
                    0.0,
                    0.0,
                    1.0
                ]
            ]
        },
        {
            "fl_x": 723.5584680440091,
            "fl_y": 723.5584680440091,
            "cx": 499.946,
            "cy": 369.90182,
            "w": 994,
            "h": 738,
            "file_path": "./images/frame_00026.jpg",
            "transform_matrix": [
                [
                    -0.2584426999092102,
                    -0.18000270426273346,
                    -0.9491082429885864,
                    -0.2332577258348465
                ],
                [
                    -0.05893339589238167,
                    -0.9777188301086426,
                    0.20147642493247986,
                    1.7924516201019287
                ],
                [
                    -0.9642272591590881,
                    0.10800427943468094,
                    0.242076113820076,
                    -0.1619514524936676
                ],
                [
                    0.0,
                    0.0,
                    0.0,
                    1.0
                ]
            ]
        },
        {
            "fl_x": 722.7190297724785,
            "fl_y": 722.7190297724785,
            "cx": 499.9275,
            "cy": 369.90405,
            "w": 994,
            "h": 738,
            "file_path": "./images/frame_00027.jpg",
            "transform_matrix": [
                [
                    -0.3073422610759735,
                    0.04261033609509468,
                    -0.9506445527076721,
                    -0.2126263827085495
                ],
                [
                    -0.09717509150505066,
                    -0.9951798915863037,
                    -0.013189932331442833,
                    1.706352710723877
                ],
                [
                    -0.9466243982315063,
                    0.0883251428604126,
                    0.31000152230262756,
                    -0.15914714336395264
                ],
                [
                    0.0,
                    0.0,
                    0.0,
                    1.0
                ]
            ]
        },
        {
            "fl_x": 722.7621207424361,
            "fl_y": 722.7621207424361,
            "cx": 499.9212,
            "cy": 369.9473,
            "w": 994,
            "h": 738,
            "file_path": "./images/frame_00028.jpg",
            "transform_matrix": [
                [
                    -0.3076210618019104,
                    0.13190463185310364,
                    -0.9423218369483948,
                    -0.19673694670200348
                ],
                [
                    -0.11622072756290436,
                    -0.9881381988525391,
                    -0.10037766396999359,
                    1.6692821979522705
                ],
                [
                    -0.9443844556808472,
                    0.07863904535770416,
                    0.31930217146873474,
                    -0.15772807598114014
                ],
                [
                    0.0,
                    0.0,
                    0.0,
                    1.0
                ]
            ]
        },
        {
            "fl_x": 722.9332160563284,
            "fl_y": 722.9332160563284,
            "cx": 499.85974,
            "cy": 369.85696,
            "w": 994,
            "h": 738,
            "file_path": "./images/frame_00029.jpg",
            "transform_matrix": [
                [
                    -0.2382121980190277,
                    0.2850877046585083,
                    -0.9284287691116333,
                    -0.19038434326648712
                ],
                [
                    -0.17063558101654053,
                    -0.9533629417419434,
                    -0.2489631623029709,
                    1.5278477668762207
                ],
                [
                    -0.9561058878898621,
                    0.09911691397428513,
                    0.2757487893104553,
                    -0.13667887449264526
                ],
                [
                    0.0,
                    0.0,
                    0.0,
                    1.0
                ]
            ]
        },
        {
            "fl_x": 722.3768190087269,
            "fl_y": 722.3768190087269,
            "cx": 499.99805000000003,
            "cy": 369.96082,
            "w": 994,
            "h": 738,
            "file_path": "./images/frame_00030.jpg",
            "transform_matrix": [
                [
                    -0.16146616637706757,
                    0.493516206741333,
                    -0.8546171188354492,
                    -0.21333980560302734
                ],
                [
                    -0.22788798809051514,
                    -0.8612212538719177,
                    -0.45427414774894714,
                    1.4363212585449219
                ],
                [
                    -0.9602060914039612,
                    0.12140706926584244,
                    0.25152450799942017,
                    -0.1177855134010315
                ],
                [
                    0.0,
                    0.0,
                    0.0,
                    1.0
                ]
            ]
        },
        {
            "fl_x": 721.5133484602596,
            "fl_y": 721.5133484602596,
            "cx": 499.97943,
            "cy": 369.88202,
            "w": 994,
            "h": 738,
            "file_path": "./images/frame_00031.jpg",
            "transform_matrix": [
                [
                    -0.1497253179550171,
                    0.6160425543785095,
                    -0.7733523845672607,
                    -0.08738315105438232
                ],
                [
                    -0.19480007886886597,
                    -0.7852180004119873,
                    -0.587780237197876,
                    1.31667959690094
                ],
                [
                    -0.9693478345870972,
                    0.06264352053403854,
                    0.23757216334342957,
                    -0.1257685273885727
                ],
                [
                    0.0,
                    0.0,
                    0.0,
                    1.0
                ]
            ]
        },
        {
            "fl_x": 721.5084956921477,
            "fl_y": 721.5084956921477,
            "cx": 499.9533,
            "cy": 369.78995,
            "w": 994,
            "h": 738,
            "file_path": "./images/frame_00032.jpg",
            "transform_matrix": [
                [
                    -0.12369741499423981,
                    0.7291441559791565,
                    -0.6730882525444031,
                    -0.06226984038949013
                ],
                [
                    -0.23158900439739227,
                    -0.6807789206504822,
                    -0.6949148178100586,
                    1.2915070056915283
                ],
                [
                    -0.9649173617362976,
                    0.06992066651582718,
                    0.2530723512172699,
                    -0.13441242277622223
                ],
                [
                    0.0,
                    0.0,
                    0.0,
                    1.0
                ]
            ]
        },
        {
            "fl_x": 721.4718079597819,
            "fl_y": 721.4718079597819,
            "cx": 500.02290000000005,
            "cy": 369.7508,
            "w": 994,
            "h": 738,
            "file_path": "./images/frame_00033.jpg",
            "transform_matrix": [
                [
                    -0.0726824551820755,
                    0.8494052886962891,
                    -0.5227121114730835,
                    -0.028124740347266197
                ],
                [
                    -0.23050913214683533,
                    -0.5242148637771606,
                    -0.8197952508926392,
                    1.1956909894943237
                ],
                [
                    -0.9703518748283386,
                    0.060905180871486664,
                    0.2338968962430954,
                    -0.12075144797563553
                ],
                [
                    0.0,
                    0.0,
                    0.0,
                    1.0
                ]
            ]
        },
        {
            "fl_x": 721.2606823429572,
            "fl_y": 721.2606823429572,
            "cx": 500.03326000000004,
            "cy": 369.7625,
            "w": 994,
            "h": 738,
            "file_path": "./images/frame_00034.jpg",
            "transform_matrix": [
                [
                    -0.06307770311832428,
                    0.8682846426963806,
                    -0.49203962087631226,
                    -0.016801979392766953
                ],
                [
                    -0.2475942075252533,
                    -0.4912230670452118,
                    -0.8351029753684998,
                    1.189882755279541
                ],
                [
                    -0.9668083190917969,
                    0.06914978474378586,
                    0.24596747756004333,
                    -0.11762667447328568
                ],
                [
                    0.0,
                    0.0,
                    0.0,
                    1.0
                ]
            ]
        },
        {
            "fl_x": 721.4654147901737,
            "fl_y": 721.4654147901737,
            "cx": 500.1005,
            "cy": 369.7344,
            "w": 994,
            "h": 738,
            "file_path": "./images/frame_00035.jpg",
            "transform_matrix": [
                [
                    -0.002106023021042347,
                    0.9497662782669067,
                    -0.3129529654979706,
                    0.1307383030653
                ],
                [
                    -0.23820258677005768,
                    -0.30442187190055847,
                    -0.9222726821899414,
                    1.1858654022216797
                ],
                [
                    -0.9712132215499878,
                    0.07260387390851974,
                    0.22687789797782898,
                    -0.1931384652853012
                ],
                [
                    0.0,
                    0.0,
                    0.0,
                    1.0
                ]
            ]
        },
        {
            "fl_x": 721.8107667648195,
            "fl_y": 721.8107667648195,
            "cx": 500.10760000000005,
            "cy": 369.7772,
            "w": 994,
            "h": 738,
            "file_path": "./images/frame_00036.jpg",
            "transform_matrix": [
                [
                    0.027322271838784218,
                    0.9648144245147705,
                    -0.2615082859992981,
                    0.15992841124534607
                ],
                [
                    -0.2610319256782532,
                    -0.2456430345773697,
                    -0.9335533380508423,
                    1.176210880279541
                ],
                [
                    -0.9649434089660645,
                    0.09376880526542664,
                    0.2451358288526535,
                    -0.19128459692001343
                ],
                [
                    0.0,
                    0.0,
                    0.0,
                    1.0
                ]
            ]
        },
        {
            "fl_x": 722.3641333493468,
            "fl_y": 722.3641333493468,
            "cx": 500.0457,
            "cy": 369.88528,
            "w": 994,
            "h": 738,
            "file_path": "./images/frame_00037.jpg",
            "transform_matrix": [
                [
                    0.09525927901268005,
                    0.9934548139572144,
                    -0.06303329020738602,
                    0.25948604941368103
                ],
                [
                    -0.21943245828151703,
                    -0.040807317942380905,
                    -0.9747738838195801,
                    1.1206130981445312
                ],
                [
                    -0.9709660410881042,
                    0.10668781399726868,
                    0.21410895884037018,
                    -0.14633198082447052
                ],
                [
                    0.0,
                    0.0,
                    0.0,
                    1.0
                ]
            ]
        },
        {
            "fl_x": 723.8015393729074,
            "fl_y": 723.8015393729074,
            "cx": 500.14340000000004,
            "cy": 369.89746,
            "w": 994,
            "h": 738,
            "file_path": "./images/frame_00038.jpg",
            "transform_matrix": [
                [
                    0.11510620266199112,
                    0.9884897470474243,
                    0.09817632287740707,
                    0.47860291600227356
                ],
                [
                    -0.29813671112060547,
                    0.12865468859672546,
                    -0.9458131194114685,
                    1.1348634958267212
                ],
                [
                    -0.9475574493408203,
                    0.07959899306297302,
                    0.30951401591300964,
                    -0.24809512495994568
                ],
                [
                    0.0,
                    0.0,
                    0.0,
                    1.0
                ]
            ]
        },
        {
            "fl_x": 724.7113830539973,
            "fl_y": 724.7113830539973,
            "cx": 499.8587,
            "cy": 369.81955,
            "w": 994,
            "h": 738,
            "file_path": "./images/frame_00039.jpg",
            "transform_matrix": [
                [
                    0.1865500956773758,
                    0.9507008194923401,
                    0.2477237731218338,
                    0.5653387904167175
